101,'1',543,,10285,3,0,24 23,1,70,,10286,2,0,24 23,1,30,,10287,2,0,24 23,1,70,,10288,2,0,24 23,1,30,,10289,2,0,24 23,1,70,,10290,2,0,24 23,1,30,,10291,2,0,24 23,1,70,,10292,2,0,24 23,1,30,,10293,2,0,24 23,1,70,,10294,2,0,24 23,1,30,,10295,2,0,24 23,1,70,,10296,2,0,24 23,1,30,,10297,2,0,24 23,1,70,,10298,2,0,24 23,1,30,,10299,2,0,24 23,1,70,,10300,2,0,24 23,1,30,,10301,2,0,24 23,1,70,,10302,2,0,24 23,1,30,,10303,2,0,24 23,1,70,,10304,2,0,24 23,1,30,,10305,2,0,24 23,1,70,,10306,2,0,24 23,1,30,,10307,2,0,24 23,1,70,,10308,2,0,24 23,1,30,,10309,2,0,24 23,1,70,,10310,2,0,24 23,1,30,,10311,2,0,24 23,1,70,,10312,2,0,24 23,1,30,,10313,2,0,24 23,1,70,,10314,2,0,24 23,1,30,,10315,2,0,24 23,1,70,,10316,2,0,24 23,1,30,,10317,2,0,24 23,1,70,,10318,2,0,24 23,1,30,,10319,2,0,24 23,1,70,,10320,2,0,24 23,1,30,,10321,2,0,24 23,1,70,,10322,2,0,24 23,1
101,'2',543,,10323,3,0,24 23,1,70,,10324,2,0,24 23,1,30,,10325,2,0,24 23,1,70,,10326,2,0,24 23,1,30,,10327,2,0,24 23,1,70,,10328,2,0,24 23,1,30,,10329,2,0,24 23,1,70,,10330,2,0,24 23,1,30,,10331,2,0,24 23,1,70,,10332,2,0,24 23,1,30,,10333,2,0,24 23,1,70,,10334,2,0,24 23,1,30,,10335,2,0,24 23,1,70,,10336,2,0,24 23,1,30,,10337,2,0,24 23,1,70,,10338,2,0,24 23,1,30,,10339,2,0,24 23,1,70,,10340,2,0,24 23,1,30,,10341,2,0,24 23,1,70,,10342,2,0,24 23,1,30,,10343,2,0,24 23,1,70,,10344,2,0,24 23,1,30,,10345,2,0,24 23,1,70,,10346,2,0,24 23,1,30,,10347,2,0,24 23,1,70,,10348,2,0,24 23,1,30,,10349,2,0,24 23,1,70,,10350,2,0,24 23,1,30,,10351,2,0,24 23,1,70,,10352,2,0,24 23,1,30,,10353,2,0,24 23,1,70,,10354,2,0,24 23,1,30,,10355,2,0,24 23,1,70,,10356,2,0,24 23,1,30,,10357,2,0,24 23,1,70,,10358,2,0,24 23,1,30,,10359,2,0,24 23,1,70,,10360,2,0,24 23,1
101,'3',913,,10361,3,0,24 23,1,30,,10362,2,0,24 23,1,70,,10363,2,0,24 23,1,30,,10364,2,0,24 23,1,70,,10365,2,0,24 23,1,30,,10366,2,0,24 23,1,70,,10367,2,0,24 23,1,30,,10368,2,0,24 23,1,70,,10369,2,0,24 23,1,30,,10370,2,0,24 23,1,70,,10371,2,0,24 23,1,30,,10372,2,0,24 23,1,70,,10373,2,0,24 23,1,30,,10374,2,0,24 23,1,70,,10375,2,0,24 23,1,30,,10376,2,0,24 23,1,70,,10377,2,0,24 23,1,30,,10378,2,0,24 23,1,70,,10379,2,0,24 23,1,30,,10380,2,0,24 23,1
600,'1',608,,11249,8,0,17,1,30,,11250,8,0,17,1,69,,11251,8,0,17,1,20,,11252,8,0,17,1,20,,11253,8,0,17,1,60,,11254,8,0,17,1,20,,11255,8,0,17,1,20,,11256,8,0,17,1,60,,11257,8,0,17,1,20,,11258,8,0,17,1,20,,11259,8,0,17,1,61,,11260,8,0,17,1,30,,11261,8,0,17,1,70,,11262,8,0,17,1,30,,11263,8,0,17,1,70,,11264,8,0,17,1,30,,11265,8,0,17,1,70,,11266,8,0,17,1,30,,11267,8,0,17,1,71,,11268,8,0,17,1,20,,11269,8,0,17,1,20,,11270,8,0,17,1,60,,11271,8,0,17,1,20,,11272,8,0,17,1,20,,11273,8,0,17,1,60,,11274,8,0,17,1,20,,11275,8,0,17,1,20,,11276,8,0,17,1,60,,11277,8,0,17,1,20,,11278,8,0,17,1,20,,11279,8,0,17,1,59,,11280,8,0,17,1,30,,11281,8,0,17,1,70,,11282,8,0,17,1,30,,11283,8,0,17,1,70,,11284,8,0,17,1,30,,11285,8,0,17,1,70,,11286,8,0,17,1,30,,11287,8,0,17,1,70,,11288,8,0,17,1,30,,11289,8,0,17,1,70,,11290,8,0,17,1,30,,11291,8,0,17,1,70,,11292,8,0,17,1,30,,11293,8,0,17,1
600,'2',607,,11331,8,0,17,1,30,,11330,8,0,17,1,70,,11329,8,0,17,1,30,,11328,8,0,17,1,70,,11327,8,0,17,1,30,,11326,8,0,17,1,70,,11325,8,0,17,1,30,,11324,8,0,17,1,70,,11323,8,0,17,1,30,,11322,8,0,17,1,70,,11321,8,0,17,1,30,,11320,8,0,17,1,70,,11319,8,0,17,1,30,,11318,8,0,17,1,70,,11317,8,0,17,1,30,,11316,8,0,17,1,70,,11315,8,0,17,1,30,,11314,8,0,17,1,70,,11313,8,0,17,1,30,,11312,8,0,17,1,70,,11311,8,0,17,1,30,,11310,8,0,17,1,70,,11309,8,0,17,1,30,,11308,8,0,17,1,70,,11307,8,0,17,1,30,,11306,8,0,17,1,70,,11305,8,0,17,1,30,,11304,8,0,17,1,70,,11303,8,0,17,1,30,,11302,8,0,17,1,70,,11301,8,0,17,1,30,,11300,8,0,17,1,70,,11299,8,0,17,1,30,,11298,8,0,17,1,70,,11297,8,0,17,1,30,,11296,8,0,17,1,70,,11295,8,0,17,1,30,,11294,8,0,17,1
600,'3',937,,11332,8,0,17,1,70,,11333,8,0,17,1,30,,11334,8,0,17,1,70,,11335,8,0,17,1,30,,11336,8,0,17,1,70,,11337,8,0,17,1,30,,11338,8,0,17,1,70,,11339,8,0,17,1,30,,11340,8,0,17,1,70,,11341,8,0,17,1,30,,11342,8,0,17,1,70,,11343,8,0,17,1,30,,11344,8,0,17,1,70,,11345,8,0,17,1,30,,11346,8,0,17,1,70,,11347,8,0,17,1,30,,11348,8,0,17,1,70,,11349,8,0,17,1,30,,11350,8,0,17,1,70,,11351,8,0,17,1
1500,'1',604,,13126,5,0,23,1,30,,13127,5,0,23,1,70,,13128,5,0,23,1,30,,13129,5,0,23,1,70,,13130,5,0,23,1,30,,13131,5,0,23,1,70,,13132,5,0,23,1,30,,13133,5,0,23,1,70,,13134,5,0,23,1,30,,13135,5,0,23,1,70,,13136,5,0,23,1,30,,13137,5,0,23,1,70,,13138,5,0,23,1,30,,13139,5,0,23,1,70,,13140,5,0,23,1,30,,13141,5,0,23,1,70,,13142,5,0,23,1,30,,13143,5,0,23,1,70,,13144,5,0,23,1,30,,13145,5,0,23,1,70,,13146,5,0,23,1,30,,13147,5,0,23,1,70,,13148,5,0,23,1,30,,13149,5,0,23,1,70,,13150,5,0,23,1,30,,13151,5,0,23,1,70,,13152,5,0,23,1,30,,13153,5,0,23,1,70,,13154,5,0,23,1,30,,13155,5,0,23,1,70,,13156,5,0,23,1,30,,13157,5,0,23,1,70,,13158,5,0,23,1,30,,13159,5,0,23,1,70,,13160,5,0,23,1,30,,13161,5,0,23,1,70,,13162,5,0,23,1,30,,13163,5,0,23,1
1500,'2',604,,13164,5,0,23,1,30,,13165,5,0,23,1,70,,13166,5,0,23,1,30,,13167,5,0,23,1,70,,13168,5,0,23,1,30,,13169,5,0,23,1,70,,13170,5,0,23,1,30,,13171,5,0,23,1,70,,13172,5,0,23,1,30,,13173,5,0,23,1,70,,13174,5,0,23,1,30,,13175,5,0,23,1,70,,13176,5,0,23,1,30,,13177,5,0,23,1,70,,13178,5,0,23,1,30,,13179,5,0,23,1,70,,13180,5,0,23,1,30,,13181,5,0,23,1,70,,13182,5,0,23,1,30,,13183,5,0,23,1,70,,13184,5,0,23,1,30,,13185,5,0,23,1,70,,13186,5,0,23,1,30,,13187,5,0,23,1,70,,13188,5,0,23,1,30,,13189,5,0,23,1,70,,13190,5,0,23,1,30,,13191,5,0,23,1,70,,13192,5,0,23,1,30,,13193,5,0,23,1,70,,13194,5,0,23,1,30,,13195,5,0,23,1,70,,13196,5,0,23,1,30,,13197,5,0,23,1,70,,13198,5,0,23,1,30,,13199,5,0,23,1,70,,13200,5,0,23,1,30,,13201,5,0,23,1
1500,'3',934,,13202,5,0,23,1,70,,13203,5,0,23,1,30,,13204,5,0,23,1,70,,13205,5,0,23,1,30,,13206,5,0,23,1,70,,13207,5,0,23,1,30,,13208,5,0,23,1,70,,13209,5,0,23,1,30,,13210,5,0,23,1,70,,13211,5,0,23,1,30,,13212,5,0,23,1,70,,13213,5,0,23,1,30,,13214,5,0,23,1,70,,13215,5,0,23,1,30,,13216,5,0,23,1,70,,13217,5,0,23,1,30,,13218,5,0,23,1,70,,13219,5,0,23,1,30,,13220,5,0,23,1,70,,13221,5,0,23,1
1700,'1',554,,13515,5,0,25 26,1,70,,13516,5,0,25 26,1,30,,13517,5,0,25 26,1,65,,13513,5,0,25 26,1,5,,13518,5,0,25 26,1,30,,13519,5,0,25 26,1,70,,13520,5,0,25 26,1,30,,13521,5,0,25 26,1,70,,13522,5,0,25 26,1,30,,13523,5,0,25 26,1,70,,13524,5,0,25 26,1,30,,13525,5,0,25 26,1,71,,13526,5,0,25 26,1,30,,13527,5,0,25 26,1,70,,13528,5,0,25 26,1,30,,13529,5,0,25 26,1,70,,13530,5,0,25 26,1,31,,13531,5,0,25 26,1,70,,13532,5,0,25 26,1,30,,13533,5,0,25 26,1,70,,13534,5,0,25 26,1,29,,13535,5,0,25 26,1,70,,13536,5,0,25 26,1,30,,13537,5,0,25 26,1,70,,13538,5,0,25 26,1,30,,13539,5,0,25 26,1,70,,13540,5,0,25 26,1,29,,13541,5,0,25 26,1,70,,13542,5,0,25 26,1,30,,13543,5,0,25 26,1,70,,13544,5,0,25 26,1,30,,13545,5,0,25 26,1,70,,13546,5,0,25 26,1,30,,13547,5,0,25 26,1,70,,13548,5,0,25 26,1,30,,13549,5,0,25 26,1,70,,13550,5,0,25 26,1,30,,13551,5,0,25 26,1,70,,13552,5,0,25 26,1
1700,'2',554,,13590,5,0,25 26,1,70,,13589,5,0,25 26,1,30,,13588,5,0,25 26,1,71,,13587,5,0,25 26,1,30,,13586,5,0,25 26,1,70,,13585,5,0,25 26,1,30,,13584,5,0,25 26,1,70,,13583,5,0,25 26,1,30,,13582,5,0,25 26,1,70,,13581,5,0,25 26,1,30,,13580,5,0,25 26,1,70,,13579,5,0,25 26,1,30,,13578,5,0,25 26,1,70,,13577,5,0,25 26,1,30,,13576,5,0,25 26,1,70,,13575,5,0,25 26,1,31,,13574,5,0,25 26,1,70,,13573,5,0,25 26,1,30,,13572,5,0,25 26,1,70,,13571,5,0,25 26,1,30,,13570,5,0,25 26,1,70,,13569,5,0,25 26,1,31,,13568,5,0,25 26,1,70,,13567,5,0,25 26,1,30,,13566,5,0,25 26,1,70,,13565,5,0,25 26,1,29,,13564,5,0,25 26,1,70,,13563,5,0,25 26,1,30,,13562,5,0,25 26,1,70,,13561,5,0,25 26,1,30,,13560,5,0,25 26,1,70,,13559,5,0,25 26,1,30,,13558,5,0,25 26,1,70,,13557,5,0,25 26,1,28,,13556,5,0,25 26,1,70,,13555,5,0,25 26,1,30,,13554,5,0,25 26,1,70,,13553,5,0,25 26,1
1700,'3',955,,13593,5,0,25 26,1,70,,13594,5,0,25 26,1,30,,13595,5,0,25 26,1,70,,13596,5,0,25 26,1,30,,13597,5,0,25 26,1,70,,13598,5,0,25 26,1,30,,13599,5,0,25 26,1,70,,13600,5,0,25 26,1,30,,13601,5,0,25 26,1,70,,13602,5,0,25 26,1,30,,13603,5,0,25 26,1,70,,13604,5,0,25 26,1,30,,13605,5,0,25 26,1,70,,13606,5,0,25 26,1,30,,13607,5,0,25 26,1,70,,13608,5,0,25 26,1,30,,13609,5,0,25 26,1,70,,13610,5,0,25 26,1,30,,13611,5,0,25 26,1
1000400,'14802',2513,,15234,12,0,33 9 15,1,20,,15235,13,0,33 9 15,1,20,,15236,13,0,33 9 15,1,60,,15237,13,0,33 9 15,1,20,,15238,13,0,33 9 15,1
1000400,'7901',2533,,15239,13,0,33 9 15,1,80,,15240,13,0,33 9 15,1
1000400,'8001',2513,,15241,12,0,33 9 15,1,40,,15242,13,0,33 9 15,1,80,,15243,13,0,33 9 15,1
1000700,'14802',2515,,15313,5,0,17 18,1,20,,15314,11,0,17 18,1,20,,15315,11,0,17 18,1,60,,15316,11,0,17 18,1,20,,15317,11,0,17 18,1
1000700,'7901',2535,,15318,11,0,17 18,1,80,,15319,11,0,17 18,1
1000700,'8001',2515,,15320,5,0,17 18,1,40,,15321,11,0,17 18,1,80,,15322,11,0,17 18,1
