300,'1',546,,10573,2,0,27,1,70,,10574,2,0,27,1,30,,10575,2,0,27,1,70,,10576,2,0,27,1,20,,10577,2,0,27,1,20,,10578,2,0,27,1,60,,10579,2,0,27,1,20,,10580,2,0,27,1,20,,10581,2,0,27,1,60,,10582,2,0,27,1,20,,10583,2,0,27,1,20,,10584,2,0,27,1,60,,10585,2,0,27,1,20,,10586,2,0,27,1,20,,10587,2,0,27,1,60,,10588,2,0,27,1,20,,10589,2,0,27,1,20,,10590,2,0,27,1,60,,10591,2,0,27,1,20,,10592,2,0,27,1,20,,10593,2,0,27,1,60,,10594,2,0,27,1,20,,10595,2,0,27,1,20,,10596,2,0,27,1,60,,10597,2,0,27,1,20,,10598,2,0,27,1,20,,10599,2,0,27,1,60,,10600,2,0,27,1,20,,10601,2,0,27,1,20,,10602,2,0,27,1,60,,10603,2,0,27,1,20,,10604,2,0,27,1,20,,10605,2,0,27,1,60,,10606,2,0,27,1,20,,10607,2,0,27,1,20,,10608,2,0,27,1,60,,10609,2,0,27,1,30,,10610,2,0,27,1,70,,10611,2,0,27,1,30,,10612,2,0,27,1,70,,10613,2,0,27,1,30,,10614,2,0,27,1,70,,10615,2,0,27,1,30,,10616,2,0,27,1,70,,10617,2,0,27,1,30,,10618,2,0,27,1,70,,10619,2,0,27,1,30,,10620,2,0,27,1,70,,10621,2,0,27,1
300,'2',546,,10659,2,0,27,1,70,,10658,2,0,27,1,30,,10657,2,0,27,1,70,,10656,2,0,27,1,30,,10655,2,0,27,1,70,,10654,2,0,27,1,30,,10653,2,0,27,1,70,,10652,2,0,27,1,30,,10651,2,0,27,1,70,,10650,2,0,27,1,30,,10649,2,0,27,1,70,,10648,2,0,27,1,30,,10647,2,0,27,1,70,,10646,2,0,27,1,30,,10645,2,0,27,1,70,,10644,2,0,27,1,30,,10643,2,0,27,1,70,,10642,2,0,27,1,30,,10641,2,0,27,1,70,,10640,2,0,27,1,30,,10639,2,0,27,1,70,,10638,2,0,27,1,30,,10637,2,0,27,1,70,,10636,2,0,27,1,30,,10635,2,0,27,1,70,,10634,2,0,27,1,30,,10633,2,0,27,1,70,,10632,2,0,27,1,30,,10631,2,0,27,1,70,,10630,2,0,27,1,30,,10629,2,0,27,1,70,,10628,2,0,27,1,30,,10627,2,0,27,1,70,,10626,2,0,27,1,30,,10625,2,0,27,1,70,,10624,2,0,27,1,30,,10623,2,0,27,1,70,,10622,2,0,27,1
300,'3',916,,10660,2,0,27,1,30,,10661,2,0,27,1,70,,10662,2,0,27,1,30,,10663,2,0,27,1,70,,10664,2,0,27,1,30,,10665,2,0,27,1,70,,10666,2,0,27,1,30,,10667,2,0,27,1,70,,10668,2,0,27,1,30,,10669,2,0,27,1,70,,10670,2,0,27,1,30,,10671,2,0,27,1,70,,10672,2,0,27,1,30,,10673,2,0,27,1,70,,10674,2,0,27,1,30,,10675,2,0,27,1,70,,10676,2,0,27,1,30,,10677,2,0,27,1,70,,10678,2,0,27,1,30,,10679,2,0,27,1
1200,'1',545,,12541,2,,,1,70,,12540,2,,,1,30,,12539,2,,,1,70,,12538,2,,,1,20,,12537,2,,,1,20,,12536,2,,,1,60,,12535,2,,,1,20,,12534,2,,,1,20,,12533,2,,,1,60,,12532,2,,,1,20,,12531,2,,,1,20,,12530,2,,,1,61,,12542,2,,,1,20,,12543,2,,,1,20,,12544,2,,,1,60,,12545,2,,,1,20,,12546,2,,,1,20,,12547,2,,,1,60,,12548,2,,,1,20,,12549,2,,,1,20,,12550,2,,,1,60,,12551,2,,,1,20,,12552,2,,,1,20,,12553,2,,,1,60,,12529,2,,,1,20,,12528,2,,,1,20,,12527,2,,,1,60,,12526,2,,,1,20,,12525,2,,,1,20,,12524,2,,,1,60,,12523,2,,,1,20,,12522,2,,,1,20,,12521,2,,,1,60,,12520,2,,,1,20,,12519,2,,,1,20,,12518,2,,,1,59,,12517,2,,,1,30,,12516,2,,,1,70,,12515,2,,,1,30,,12514,2,,,1,70,,12513,2,,,1,30,,12512,2,,,1,70,,12511,2,,,1,30,,12510,2,,,1,70,,12509,2,,,1,30,,12508,2,,,1,70,,12507,2,,,1,30,,12506,2,,,1,70,,12505,2,,,1
1200,'2',545,,12591,2,,,1,70,,12590,2,,,1,30,,12589,2,,,1,70,,12588,2,,,1,30,,12587,2,,,1,70,,12586,2,,,1,30,,12585,2,,,1,70,,12584,2,,,1,30,,12583,2,,,1,70,,12582,2,,,1,30,,12581,2,,,1,70,,12580,2,,,1,30,,12579,2,,,1,70,,12578,2,,,1,30,,12577,2,,,1,70,,12576,2,,,1,30,,12575,2,,,1,70,,12574,2,,,1,30,,12573,2,,,1,70,,12572,2,,,1,30,,12571,2,,,1,70,,12570,2,,,1,30,,12569,2,,,1,70,,12568,2,,,1,30,,12567,2,,,1,70,,12566,2,,,1,30,,12565,2,,,1,70,,12564,2,,,1,30,,12563,2,,,1,70,,12562,2,,,1,30,,12561,2,,,1,70,,12560,2,,,1,30,,12559,2,,,1,70,,12558,2,,,1,30,,12557,2,,,1,70,,12556,2,,,1,30,,12555,2,,,1,70,,12554,2,,,1
1200,'3',915,,12592,2,,,1,30,,12593,2,,,1,70,,12594,2,,,1,30,,12595,2,,,1,70,,12596,2,,,1,30,,12597,2,,,1,70,,12598,2,,,1,30,,12599,2,,,1,70,,12600,2,,,1,30,,12601,2,,,1,70,,12602,2,,,1,30,,12603,2,,,1,70,,12604,2,,,1,30,,12605,2,,,1,70,,12606,2,,,1,30,,12607,2,,,1,70,,12608,2,,,1,30,,12609,2,,,1,70,,12610,2,,,1,30,,12611,2,,,1
2000,'1',541,,14142,2,0,7 8,1,5,,14115,2,0,7 8,1,65,,14117,2,0,7 8,1,5,,14114,2,0,7 8,1,30,,14113,2,0,7 8,1,70,,14112,2,0,7 8,1,30,,14111,2,0,7 8,1,70,,14110,2,0,7 8,1,30,,14109,2,0,7 8,1,70,,14116,2,0,7 8,1,30,,14119,2,0,7 8,1,70,,14120,2,0,7 8,1,30,,14121,2,0,7 8,1,70,,14122,2,0,7 8,1,30,,14123,2,0,7 8,1,70,,14124,2,0,7 8,1,30,,14125,2,0,7 8,1,70,,14126,2,0,7 8,1,30,,14127,2,0,7 8,1,62,,14118,2,0,7 8,1,8,,14128,2,0,7 8,1,25,,14101,2,0,7 8,1,5,,14129,2,0,7 8,1,70,,14130,2,0,7 8,1,30,,14131,2,0,7 8,1,70,,14132,2,0,7 8,1,30,,14133,2,0,7 8,1,70,,14134,2,0,7 8,1,30,,14135,2,0,7 8,1,70,,14136,2,0,7 8,1,30,,14137,2,0,7 8,1,70,,14138,2,0,7 8,1,30,,14139,2,0,7 8,1,70,,14140,2,0,7 8,1,30,,14141,2,0,7 8,1,70,,14108,2,0,7 8,1,30,,14107,2,0,7 8,1,70,,14106,2,0,7 8,1,30,,14105,2,0,7 8,1,70,,14104,2,0,7 8,1,30,,14103,2,0,7 8,1,70,,14102,2,0,7 8,1
2000,'2',546,,14180,2,0,7 8,1,70,,14179,2,0,7 8,1,30,,14178,2,0,7 8,1,70,,14177,2,0,7 8,1,30,,14176,2,0,7 8,1,70,,14175,2,0,7 8,1,30,,14174,2,0,7 8,1,70,,14173,2,0,7 8,1,30,,14172,2,0,7 8,1,70,,14171,2,0,7 8,1,30,,14170,2,0,7 8,1,70,,14169,2,0,7 8,1,30,,14168,2,0,7 8,1,70,,14167,2,0,7 8,1,30,,14166,2,0,7 8,1,70,,14165,2,0,7 8,1,30,,14164,2,0,7 8,1,70,,14163,2,0,7 8,1,30,,14162,2,0,7 8,1,70,,14161,2,0,7 8,1,30,,14160,2,0,7 8,1,70,,14159,2,0,7 8,1,30,,14158,2,0,7 8,1,70,,14157,2,0,7 8,1,30,,14156,2,0,7 8,1,70,,14155,2,0,7 8,1,30,,14154,2,0,7 8,1,70,,14153,2,0,7 8,1,30,,14152,2,0,7 8,1,70,,14151,2,0,7 8,1,30,,14150,2,0,7 8,1,70,,14149,2,0,7 8,1,30,,14148,2,0,7 8,1,70,,14147,2,0,7 8,1,30,,14146,2,0,7 8,1,70,,14145,2,0,7 8,1,30,,14144,2,0,7 8,1,70,,14143,2,0,7 8,1
2000,'3',916,,14181,2,0,7 8,1,30,,14182,2,0,7 8,1,70,,14183,2,0,7 8,1,30,,14184,2,0,7 8,1,70,,14185,2,0,7 8,1,30,,14186,2,0,7 8,1,70,,14187,2,0,7 8,1,30,,14188,2,0,7 8,1,70,,14189,2,0,7 8,1,30,,14190,2,0,7 8,1,70,,14191,2,0,7 8,1,30,,14192,2,0,7 8,1,70,,14193,2,0,7 8,1,30,,14194,2,0,7 8,1,70,,14195,2,0,7 8,1,30,,14196,2,0,7 8,1,70,,14197,2,0,7 8,1,30,,14198,2,0,7 8,1,70,,14199,2,0,7 8,1,30,,14200,2,0,7 8,1
9800,'25701',546,,14321,2,0,13,1,70,,14322,2,0,13,1,30,,14323,2,0,13,1,70,,14324,2,0,13,1,20,,14325,2,0,13,1,20,,14326,2,0,13,1,60,,14327,2,0,13,1,20,,14328,2,0,13,1,20,,14329,2,0,13,1,60,,14330,2,0,13,1,20,,14331,2,0,13,1,20,,14332,2,0,13,1,60,,14333,2,0,13,1,20,,14334,2,0,13,1,20,,14335,2,0,13,1,60,,14336,2,0,13,1,20,,14337,2,0,13,1,20,,14338,2,0,13,1,60,,14339,2,0,13,1,20,,14340,2,0,13,1,20,,14341,2,0,13,1,60,,14342,2,0,13,1,20,,14343,2,0,13,1,20,,14344,2,0,13,1,60,,14345,2,0,13,1,20,,14346,2,0,13,1,20,,14347,2,0,13,1,60,,14348,2,0,13,1,20,,14349,2,0,13,1,20,,14350,2,0,13,1,60,,14351,2,0,13,1,20,,14352,2,0,13,1,20,,14353,2,0,13,1,60,,14354,2,0,13,1,20,,14355,2,0,13,1,20,,14356,2,0,13,1,60,,14357,2,0,13,1,30,,14358,2,0,13,1,70,,14359,2,0,13,1,30,,14360,2,0,13,1,70,,14361,2,0,13,1,30,,14362,2,0,13,1,70,,14363,2,0,13,1,30,,14364,2,0,13,1,70,,14365,2,0,13,1,30,,14366,2,0,13,1,70,,14367,2,0,13,1,30,,14368,2,0,13,1,70,,14369,2,0,13,1
9800,'25702',546,,14370,2,0,13,1,70,,14371,2,0,13,1,30,,14372,2,0,13,1,70,,14373,2,0,13,1,20,,14374,2,0,13,1,20,,14375,2,0,13,1,60,,14376,2,0,13,1,20,,14377,2,0,13,1,20,,14378,2,0,13,1,60,,14379,2,0,13,1,20,,14380,2,0,13,1,20,,14381,2,0,13,1,60,,14382,2,0,13,1,20,,14383,2,0,13,1,20,,14384,2,0,13,1,60,,14385,2,0,13,1,20,,14386,2,0,13,1,20,,14387,2,0,13,1,60,,14388,2,0,13,1,20,,14389,2,0,13,1,20,,14390,2,0,13,1,60,,14391,2,0,13,1,20,,14392,2,0,13,1,20,,14393,2,0,13,1,60,,14394,2,0,13,1,20,,14395,2,0,13,1,20,,14396,2,0,13,1,60,,14397,2,0,13,1,20,,14398,2,0,13,1,20,,14399,2,0,13,1,60,,14400,2,0,13,1,20,,14401,2,0,13,1,20,,14402,2,0,13,1,60,,14403,2,0,13,1,20,,14404,2,0,13,1,20,,14405,2,0,13,1,60,,14406,2,0,13,1,30,,14407,2,0,13,1,70,,14408,2,0,13,1,30,,14409,2,0,13,1,70,,14410,2,0,13,1,30,,14411,2,0,13,1,70,,14412,2,0,13,1,30,,14413,2,0,13,1,70,,14414,2,0,13,1,30,,14415,2,0,13,1,70,,14416,2,0,13,1,30,,14417,2,0,13,1,70,,14418,2,0,13,1
9800,'3',716,,14419,2,0,13,1,30,,14420,2,0,13,1,70,,14421,2,0,13,1,30,,14422,2,0,13,1,70,,14423,2,0,13,1,30,,14424,2,0,13,1,70,,14425,2,0,13,1,30,,14426,2,0,13,1,70,,14427,2,0,13,1,30,,14428,2,0,13,1,70,,14429,2,0,13,1,30,,14430,2,0,13,1,70,,14431,2,0,13,1,30,,14432,2,0,13,1,70,,14433,2,0,13,1,30,,14434,2,0,13,1,70,,14435,2,0,13,1,30,,14436,2,0,13,1,70,,14437,2,0,13,1,30,,14438,2,0,13,1,70,,14439,2,0,13,1,30,,14440,2,0,13,1,70,,14441,2,0,13,1,30,,14442,2,0,13,1,70,,14443,2,0,13,1,30,,14444,2,0,13,1,70,,14445,2,0,13,1,30,,14446,2,0,13,1,70,,14447,2,0,13,1,30,,14448,2,0,13,1
