200,'1',612,,10381,13,0,23 24,1,30,,10382,13,0,23 24,1,70,,10383,13,0,23 24,1,30,,10384,13,0,23 24,1,70,,10385,13,0,23 24,1,30,,10386,13,0,23 24,1,70,,10387,13,0,23 24,1,30,,10388,13,0,23 24,1,70,,10389,13,0,23 24,1,30,,10390,13,0,23 24,1,70,,10391,13,0,23 24,1,30,,10392,13,0,23 24,1,70,,10393,13,0,23 24,1,30,,10394,13,0,23 24,1,70,,10395,13,0,23 24,1,30,,10396,13,0,23 24,1,70,,10397,13,0,23 24,1,30,,10398,13,0,23 24,1,70,,10399,13,0,23 24,1,30,,10400,13,0,23 24,1,70,,10401,13,0,23 24,1,30,,10402,13,0,23 24,1,70,,10403,13,0,23 24,1,30,,10404,13,0,23 24,1,70,,10405,13,0,23 24,1,30,,10406,13,0,23 24,1,70,,10407,13,0,23 24,1,30,,10408,13,0,23 24,1,70,,10409,13,0,23 24,1,30,,10410,13,0,23 24,1,70,,10411,13,0,23 24,1,30,,10412,13,0,23 24,1,70,,10413,13,0,23 24,1,30,,10414,13,0,23 24,1,70,,10415,13,0,23 24,1,30,,10416,13,0,23 24,1,70,,10417,13,0,23 24,1,30,,10418,13,0,23 24,1
200,'2',612,,10419,13,0,23 24,1,30,,10420,13,0,23 24,1,70,,10421,13,0,23 24,1,30,,10422,13,0,23 24,1,70,,10423,13,0,23 24,1,30,,10424,13,0,23 24,1,70,,10425,13,0,23 24,1,30,,10426,13,0,23 24,1,70,,10427,13,0,23 24,1,30,,10428,13,0,23 24,1,70,,10429,13,0,23 24,1,30,,10430,13,0,23 24,1,70,,10431,13,0,23 24,1,30,,10432,13,0,23 24,1,70,,10433,13,0,23 24,1,30,,10434,13,0,23 24,1,70,,10435,13,0,23 24,1,30,,10436,13,0,23 24,1,70,,10437,13,0,23 24,1,30,,10438,13,0,23 24,1,70,,10439,13,0,23 24,1,30,,10440,13,0,23 24,1,70,,10441,13,0,23 24,1,30,,10442,13,0,23 24,1,70,,10443,13,0,23 24,1,30,,10444,13,0,23 24,1,70,,10445,13,0,23 24,1,30,,10446,13,0,23 24,1,70,,10447,13,0,23 24,1,30,,10448,13,0,23 24,1,70,,10449,13,0,23 24,1,30,,10450,13,0,23 24,1,70,,10451,13,0,23 24,1,30,,10452,13,0,23 24,1,70,,10453,13,0,23 24,1,30,,10454,13,0,23 24,1,70,,10455,13,0,23 24,1,30,,10456,13,0,23 24,1
200,'3',942,,10457,13,0,23 24,1,70,,10458,13,0,23 24,1,30,,10459,13,0,23 24,1,70,,10460,13,0,23 24,1,30,,10461,13,0,23 24,1,70,,10462,13,0,23 24,1,30,,10463,13,0,23 24,1,70,,10464,13,0,23 24,1,30,,10465,13,0,23 24,1,70,,10466,13,0,23 24,1,30,,10467,13,0,23 24,1,70,,10468,13,0,23 24,1,30,,10469,13,0,23 24,1,70,,10470,13,0,23 24,1,30,,10471,13,0,23 24,1,70,,10472,13,0,23 24,1,30,,10473,13,0,23 24,1,70,,10474,13,0,23 24,1,30,,10475,13,0,23 24,1,70,,10476,13,0,23 24,1
201,'1',542,,10477,1,0,23 24,1
201,'2',542,,10515,1,0,23 24,1
201,'3',912,,10553,1,0,23 24,1
601,'1',548,,11352,11,0,17,1,70,,11353,11,0,17,1,30,,11354,11,0,17,1,70,,11355,11,0,17,1,20,,11356,11,0,17,1,20,,11357,11,0,17,1,60,,11358,11,0,17,1,20,,11359,11,0,17,1,20,,11360,11,0,17,1,60,,11361,11,0,17,1,20,,11362,11,0,17,1,20,,11363,11,0,17,1,61,,11364,11,0,17,1,30,,11365,11,0,17,1,70,,11366,11,0,17,1,30,,11367,11,0,17,1,70,,11368,11,0,17,1,30,,11369,11,0,17,1,70,,11370,11,0,17,1,30,,11371,11,0,17,1,72,,11372,11,0,17,1,20,,11373,11,0,17,1,60,,11374,11,0,17,1,20,,11375,11,0,17,1,20,,11376,11,0,17,1,60,,11377,11,0,17,1,20,,11378,11,0,17,1,20,,11379,11,0,17,1,60,,11380,11,0,17,1,20,,11381,11,0,17,1,20,,11382,11,0,17,1,60,,11383,11,0,17,1,17,,11384,11,0,17,1,30,,11385,11,0,17,1,70,,11386,11,0,17,1,30,,11387,11,0,17,1,70,,11388,11,0,17,1,30,,11389,11,0,17,1,70,,11390,11,0,17,1,30,,11391,11,0,17,1,70,,11392,11,0,17,1,30,,11393,11,0,17,1,70,,11394,11,0,17,1,30,,11395,11,0,17,1,70,,11396,11,0,17,1
601,'2',547,,11398,11,0,17,1,70,,11399,11,0,17,1,30,,11400,11,0,17,1,70,,11401,11,0,17,1,30,,11402,11,0,17,1,70,,11403,11,0,17,1,30,,11404,11,0,17,1,70,,11405,11,0,17,1,30,,11406,11,0,17,1,70,,11407,11,0,17,1,30,,11408,11,0,17,1,70,,11409,11,0,17,1,30,,11410,11,0,17,1,70,,11411,11,0,17,1,30,,11412,11,0,17,1,70,,11413,11,0,17,1,30,,11414,11,0,17,1,70,,11415,11,0,17,1,30,,11416,11,0,17,1,70,,11417,11,0,17,1,30,,11418,11,0,17,1,70,,11419,11,0,17,1,30,,11420,11,0,17,1,70,,11421,11,0,17,1,30,,11422,11,0,17,1,70,,11423,11,0,17,1,30,,11424,11,0,17,1,70,,11425,11,0,17,1,30,,11426,11,0,17,1,70,,11427,11,0,17,1,30,,11428,11,0,17,1,70,,11429,11,0,17,1,30,,11430,11,0,17,1,70,,11431,11,0,17,1,30,,11432,11,0,17,1,70,,11433,11,0,17,1,30,,11434,11,0,17,1,70,,11435,11,0,17,1
601,'3',917,,11437,11,0,17,1,30,,11438,11,0,17,1,70,,11439,11,0,17,1,30,,11440,11,0,17,1,70,,11441,11,0,17,1,30,,11442,11,0,17,1,70,,11443,11,0,17,1,30,,11444,11,0,17,1,70,,11445,11,0,17,1,30,,11446,11,0,17,1,70,,11447,11,0,17,1,30,,11448,11,0,17,1,70,,11449,11,0,17,1,30,,11450,11,0,17,1,70,,11451,11,0,17,1,30,,11452,11,0,17,1,70,,11453,11,0,17,1,30,,11454,11,0,17,1,70,,11455,11,0,17,1,30,,11456,11,0,17,1
21005000,'12701',704,,15369,4,0,14 15,1,15,,15370,4,0,14 15,1,15,,15371,4,0,14 15,1,15,,15372,4,0,14 15,1,55,,15373,4,0,14 15,1,15,,15374,4,0,14 15,1,15,,15375,4,0,14 15,1,15,,15376,4,0,14 15,1,55,,15377,4,0,14 15,1,15,,15378,4,0,14 15,1,15,,15379,4,0,14 15,1,15,,15380,4,0,14 15,1,55,,15381,4,0,14 15,1,15,,15382,4,0,14 15,1,15,,15383,4,0,14 15,1,15,,15384,4,0,14 15,1,55,,15385,4,0,14 15,1,15,,15386,4,0,14 15,1,15,,15387,4,0,14 15,1,15,,15388,4,0,14 15,1,55,,15389,4,0,14 15,1,15,,15390,4,0,14 15,1,15,,15391,4,0,14 15,1,15,,15392,4,0,14 15,1,55,,15393,4,0,14 15,1,15,,15394,4,0,14 15,1,15,,15395,4,0,14 15,1,15,,15396,4,0,14 15,1,55,,15397,4,0,14 15,1,15,,15398,4,0,14 15,1,15,,15399,4,0,14 15,1,15,,15400,4,0,14 15,1,55,,15401,4,0,14 15,1,15,,15402,4,0,14 15,1,15,,15403,4,0,14 15,1,15,,15404,4,0,14 15,1,55,,15405,4,0,14 15,1,15,,15406,4,0,14 15,1,15,,15407,4,0,14 15,1,15,,15408,4,0,14 15,1,55,,15409,4,0,14 15,1,15,,15410,4,0,14 15,1,15,,15411,4,0,14 15,1,15,,15412,4,0,14 15,1,55,,15413,4,0,14 15,1,15,,15414,4,0,14 15,1,15,,15415,4,0,14 15,1,15,,15416,4,0,14 15,1,55,,15417,4,0,14 15,1,15,,15418,4,0,14 15,1,15,,15419,4,0,14 15,1,15,,15420,4,0,14 15,1,55,,15421,4,0,14 15,1,15,,15422,4,0,14 15,1,15,,15423,4,0,14 15,1,15,,15424,4,0,14 15,1
21005800,'12701',724,,15624,4,0,14 24,1,20,,15625,4,0,14 24,1,60,,15626,4,0,14 24,1,20,,15627,4,0,14 24,1,20,,15628,4,0,14 24,1,60,,15629,4,0,14 24,1,20,,15630,4,0,14 24,1,20,,15631,4,0,14 24,1,60,,15632,4,0,14 24,1,20,,15633,4,0,14 24,1,20,,15634,4,0,14 24,1,60,,15635,4,0,14 24,1,20,,15636,4,0,14 24,1,20,,15637,4,0,14 24,1,60,,15638,4,0,14 24,1,20,,15639,4,0,14 24,1,20,,15640,4,0,14 24,1,60,,15641,4,0,14 24,1,20,,15642,4,0,14 24,1,20,,15643,4,0,14 24,1,60,,15644,4,0,14 24,1,20,,15645,4,0,14 24,1,20,,15646,4,0,14 24,1,60,,15647,4,0,14 24,1,20,,15648,4,0,14 24,1,20,,15649,4,0,14 24,1,60,,15650,4,0,14 24,1,20,,15651,4,0,14 24,1,20,,15652,4,0,14 24,1,60,,15653,4,0,14 24,1,20,,15654,4,0,14 24,1,20,,15655,4,0,14 24,1,60,,15656,4,0,14 24,1,20,,15657,4,0,14 24,1,20,,15658,4,0,14 24,1,60,,15659,4,0,14 24,1,20,,15660,4,0,14 24,1,20,,15661,4,0,14 24,1,60,,15662,4,0,14 24,1,20,,15663,4,0,14 24,1,20,,15664,4,0,14 24,1,60,,15665,4,0,14 24,1
