9901,'1',550,,14918,6,,,1,50,,14919,6,,,1,10,,14920,18,,,1,10,,14921,18,,,1,10,,14922,18,,,1,10,,14923,18,,,1,10,,14924,18,,,1,50,,14925,18,,,1,10,,14926,18,,,1,10,,14927,18,,,1,10,,14928,18,,,1,10,,14929,18,,,1,10,,14930,18,,,1,50,,14931,18,,,1,10,,14932,18,,,1,10,,14933,18,,,1,10,,14934,18,,,1,10,,14935,18,,,1,10,,14936,18,,,1,50,,14937,18,,,1,10,,14938,18,,,1,10,,14939,18,,,1,10,,14940,18,,,1,10,,14941,18,,,1,10,,14942,18,,,1,50,,14943,18,,,1,10,,14944,18,,,1,10,,14945,18,,,1,10,,14946,18,,,1,10,,14947,18,,,1,10,,14948,18,,,1,50,,14949,18,,,1,10,,14950,18,,,1,10,,14951,18,,,1,10,,14952,18,,,1,10,,14953,18,,,1,10,,14954,18,,,1,50,,14955,18,,,1,10,,14956,18,,,1,10,,14957,18,,,1,10,,14958,18,,,1,10,,14959,18,,,1,10,,14960,18,,,1,50,,14961,18,,,1,10,,14962,18,,,1,10,,14963,18,,,1,10,,14964,18,,,1,10,,14965,18,,,1,10,,14966,18,,,1,50,,14967,18,,,1,10,,14968,18,,,1,10,,14969,18,,,1,10,,14970,18,,,1,10,,14971,18,,,1,10,,14972,18,,,1,50,,14973,18,,,1,10,,14974,18,,,1,10,,14975,18,,,1,10,,14976,18,,,1,10,,14977,18,,,1,10,,14978,18,,,1,50,,14979,18,,,1,10,,14980,18,,,1,10,,14981,18,,,1,10,,14982,18,,,1,10,,14983,18,,,1,10,,14984,18,,,1,50,,14985,18,,,1,10,,14986,18,,,1,10,,14987,18,,,1,10,,14988,18,,,1,10,,14989,18,,,1,10,,14990,18,,,1,50,,14991,18,,,1,10,,14992,18,,,1,10,,14993,18,,,1,10,,14994,18,,,1,10,,14995,18,,,1,10,,14996,18,,,1,50,,14997,18,,,1,10,,14998,18,,,1,10,,14999,18,,,1,10,,15000,18,,,1,10,,15001,18,,,1,10,,15002,18,,,1,50,,15003,18,,,1,10,,15004,18,,,1,10,,15005,18,,,1,10,,15006,18,,,1,10,,15007,18,,,1,10,,15008,18,,,1,50,,15009,18,,,1,10,,15010,18,,,1,10,,15011,18,,,1,10,,15012,18,,,1,10,,15013,18,,,1,10,,15014,18,,,1,50,,15015,18,,,1,10,,15016,18,,,1,10,,15017,18,,,1,15,,15019,6,,,1,15,,15020,18,,,1,55,,15021,6,,,1,15,,15022,18,,,1,15,,15023,6,,,1,15,,15024,18,,,1,55,,15025,6,,,1,15,,15026,18,,,1,15,,15027,6,,,1
9901,'2',550,,15148,6,,,1,55,,15146,6,,,1,15,,15147,18,,,1,15,,15144,6,,,1,15,,15145,18,,,1,55,,15142,6,,,1,15,,15143,18,,,1,15,,15140,6,,,1,15,,15141,18,,,1,55,,15138,6,,,1,15,,15139,18,,,1,15,,15136,6,,,1,15,,15137,18,,,1,55,,15134,6,,,1,15,,15135,18,,,1,15,,15132,6,,,1,15,,15133,18,,,1,55,,15130,6,,,1,15,,15131,18,,,1,15,,15128,6,,,1,15,,15129,18,,,1,55,,15126,6,,,1,15,,15127,18,,,1,15,,15124,6,,,1,15,,15125,18,,,1,55,,15122,6,,,1,15,,15123,18,,,1,15,,15120,6,,,1,15,,15121,18,,,1,55,,15118,6,,,1,15,,15119,18,,,1,15,,15116,6,,,1,15,,15117,18,,,1,55,,15114,6,,,1,15,,15115,18,,,1,15,,15150,6,,,1,15,,15113,18,,,1,55,,15111,6,,,1,15,,15112,15,,,1,15,,15109,6,,,1,15,,15110,18,,,1,55,,15107,6,,,1,15,,15108,18,,,1,15,,15105,6,,,1,15,,15106,18,,,1,55,,15103,6,,,1,15,,15104,18,,,1,15,,15101,6,,,1,15,,15102,18,,,1,55,,15099,6,,,1,15,,15100,18,,,1,15,,15097,6,,,1,15,,15098,18,,,1,55,,15095,6,,,1,15,,15096,18,,,1,15,,15093,6,,,1,15,,15094,18,,,1,55,,15091,6,,,1,15,,15092,18,,,1,15,,15089,6,,,1,15,,15090,18,,,1,55,,15087,6,,,1,15,,15088,18,,,1,15,,15085,6,,,1,15,,15086,18,,,1,55,,15083,6,,,1,15,,15084,18,,,1,15,,15081,6,,,1,15,,15082,18,,,1,55,,15079,6,,,1,15,,15080,18,,,1,15,,15077,6,,,1,15,,15078,18,,,1,55,,15075,6,,,1,15,,15076,18,,,1,15,,15073,6,,,1
9901,'3',720,,15152,6,,,1,15,,15153,6,,,1,15,,15154,18,,,1,55,,15155,6,,,1,15,,15156,18,,,1,15,,15157,6,,,1,15,,15158,18,,,1,55,,15159,6,,,1,15,,15160,18,,,1,15,,15161,6,,,1,15,,15162,18,,,1,55,,15163,6,,,1,15,,15164,18,,,1,15,,15165,6,,,1,15,,15166,18,,,1,55,,15167,6,,,1,15,,15168,18,,,1,15,,15169,6,,,1,15,,15170,18,,,1,55,,15171,6,,,1,15,,15172,18,,,1,15,,15173,6,,,1,15,,15174,18,,,1,55,,15175,6,,,1,15,,15176,18,,,1,15,,15177,6,,,1,15,,15178,18,,,1,55,,15179,6,,,1,15,,15180,18,,,1,15,,15181,6,,,1,15,,15182,18,,,1,55,,15183,6,,,1,15,,15184,18,,,1,15,,15185,6,,,1,15,,15186,18,,,1,55,,15187,6,,,1,15,,15188,18,,,1,15,,15189,6,,,1,15,,15190,18,,,1,55,,15191,6,,,1,15,,15192,18,,,1,15,,15193,6,,,1,15,,15194,18,,,1,55,,15195,6,,,1,15,,15196,18,,,1,15,,15197,6,,,1,15,,15198,18,,,1,55,,15199,6,,,1,15,,15200,18,,,1,15,,15201,6,,,1,15,,15202,18,,,1,55,,15203,6,,,1,15,,15204,18,,,1,15,,15205,6,,,1,15,,15206,18,,,1,55,,15207,6,,,1,15,,15208,18,,,1,15,,15209,6,,,1,15,,15210,18,,,1,55,,15211,6,,,1,15,,15212,18,,,1,15,,15213,6,,,1
9901,'7',920,,15214,6,,,1,30,,15215,18,,,1,70,,15216,18,,,1,30,,15217,18,,,1,70,,15218,18,,,1,30,,15219,18,,,1,70,,15220,18,,,1,30,,15221,18,,,1,70,,15222,18,,,1,30,,15223,18,,,1,70,,15224,18,,,1,30,,15225,18,,,1,70,,15226,18,,,1,30,,15227,18,,,1,70,,15228,18,,,1,30,,15229,18,,,1,70,,15230,18,,,1,30,,15231,18,,,1,70,,15232,18,,,1,30,,15233,18,,,1
1000400,'14802',2508,,15234,4,0,33 9 15,1,15,,15235,5,0,33 9 15,1,20,,15236,5,0,33 9 15,1,60,,15237,5,0,33 9 15,1,20,,15238,5,0,33 9 15,1
1000400,'7901',2523,,15239,5,0,33 9 15,1,80,,15240,5,0,33 9 15,1
1000400,'8001',2508,,15241,4,0,33 9 15,1,35,,15242,5,0,33 9 15,1,80,,15243,5,0,33 9 15,1
1000700,'14802',2524,,15314,4,0,17 18,1,20,,15315,4,0,17 18,1,60,,15316,4,0,17 18,1,20,,15317,4,0,17 18,1
1000700,'7901',2524,,15318,4,0,17 18,1,80,,15319,4,0,17 18,1
1000700,'8001',2544,,15321,4,0,17 18,1,80,,15322,4,0,17 18,1
1119801,'14802',2514,,15361,6,,,1,30,,15362,6,,,1,70,,15363,6,,,1,30,,15364,6,,,1
1119801,'8001',2514,,15365,6,,,1,30,,15366,6,,,1,70,,15367,6,,,1,30,,15368,6,,,1
