200,'1',600,,10381,1,0,23 24,1,30,,10382,1,0,23 24,1,70,,10383,1,0,23 24,1,30,,10384,1,0,23 24,1,70,,10385,1,0,23 24,1,30,,10386,1,0,23 24,1,70,,10387,1,0,23 24,1,30,,10388,1,0,23 24,1,70,,10389,1,0,23 24,1,30,,10390,1,0,23 24,1,70,,10391,1,0,23 24,1,30,,10392,1,0,23 24,1,70,,10393,1,0,23 24,1,30,,10394,1,0,23 24,1,70,,10395,1,0,23 24,1,30,,10396,1,0,23 24,1,70,,10397,1,0,23 24,1,30,,10398,1,0,23 24,1,70,,10399,1,0,23 24,1,30,,10400,1,0,23 24,1,70,,10401,1,0,23 24,1,30,,10402,1,0,23 24,1,70,,10403,1,0,23 24,1,30,,10404,1,0,23 24,1,70,,10405,1,0,23 24,1,30,,10406,1,0,23 24,1,70,,10407,1,0,23 24,1,30,,10408,1,0,23 24,1,70,,10409,1,0,23 24,1,30,,10410,1,0,23 24,1,70,,10411,1,0,23 24,1,30,,10412,1,0,23 24,1,70,,10413,1,0,23 24,1,30,,10414,1,0,23 24,1,70,,10415,1,0,23 24,1,30,,10416,1,0,23 24,1,70,,10417,1,0,23 24,1,30,,10418,1,0,23 24,1
200,'2',600,,10419,1,0,23 24,1,30,,10420,1,0,23 24,1,70,,10421,1,0,23 24,1,30,,10422,1,0,23 24,1,70,,10423,1,0,23 24,1,30,,10424,1,0,23 24,1,70,,10425,1,0,23 24,1,30,,10426,1,0,23 24,1,70,,10427,1,0,23 24,1,30,,10428,1,0,23 24,1,70,,10429,1,0,23 24,1,30,,10430,1,0,23 24,1,70,,10431,1,0,23 24,1,30,,10432,1,0,23 24,1,70,,10433,1,0,23 24,1,30,,10434,1,0,23 24,1,70,,10435,1,0,23 24,1,30,,10436,1,0,23 24,1,70,,10437,1,0,23 24,1,30,,10438,1,0,23 24,1,70,,10439,1,0,23 24,1,30,,10440,1,0,23 24,1,70,,10441,1,0,23 24,1,30,,10442,1,0,23 24,1,70,,10443,1,0,23 24,1,30,,10444,1,0,23 24,1,70,,10445,1,0,23 24,1,30,,10446,1,0,23 24,1,70,,10447,1,0,23 24,1,30,,10448,1,0,23 24,1,70,,10449,1,0,23 24,1,30,,10450,1,0,23 24,1,70,,10451,1,0,23 24,1,30,,10452,1,0,23 24,1,70,,10453,1,0,23 24,1,30,,10454,1,0,23 24,1,70,,10455,1,0,23 24,1,30,,10456,1,0,23 24,1
200,'3',930,,10457,1,0,23 24,1,70,,10458,1,0,23 24,1,30,,10459,1,0,23 24,1,70,,10460,1,0,23 24,1,30,,10461,1,0,23 24,1,70,,10462,1,0,23 24,1,30,,10463,1,0,23 24,1,70,,10464,1,0,23 24,1,30,,10465,1,0,23 24,1,70,,10466,1,0,23 24,1,30,,10467,1,0,23 24,1,70,,10468,1,0,23 24,1,30,,10469,1,0,23 24,1,70,,10470,1,0,23 24,1,30,,10471,1,0,23 24,1,70,,10472,1,0,23 24,1,30,,10473,1,0,23 24,1,70,,10474,1,0,23 24,1,30,,10475,1,0,23 24,1,70,,10476,1,0,23 24,1
1501,'1',551,,13222,13,4,,1,70,,13223,13,4,,1,30,,13224,13,4,,1,70,,13225,13,4,,1,30,,13226,13,4,,1,70,,13227,13,4,,1,30,,13228,13,4,,1,70,,13229,13,4,,1,30,,13230,13,4,,1,70,,13231,13,4,,1,30,,13232,13,4,,1,70,,13233,13,4,,1,30,,13234,13,4,,1,70,,13235,13,4,,1,30,,13236,13,4,,1,70,,13237,13,4,,1,30,,13238,13,4,,1,70,,13239,13,4,,1,30,,13240,13,4,,1,70,,13241,13,4,,1,30,,13242,13,4,,1,70,,13243,13,4,,1,30,,13244,13,4,,1,70,,13245,13,4,,1,30,,13246,13,4,,1,70,,13247,13,4,,1,30,,13248,13,4,,1,70,,13249,13,4,,1,30,,13250,13,4,,1,70,,13251,13,4,,1,30,,13252,13,4,,1,70,,13253,13,4,,1,30,,13254,13,4,,1,70,,13255,13,4,,1,30,,13256,13,4,,1,70,,13257,13,4,,1,30,,13258,13,4,,1,70,,13259,13,4,,1
1501,'2',551,,13261,13,4,,1,70,,13262,13,4,,1,30,,13263,13,4,,1,70,,13264,13,4,,1,30,,13265,13,4,,1,70,,13266,13,4,,1,30,,13267,13,4,,1,70,,13268,13,4,,1,30,,13269,13,4,,1,70,,13270,13,4,,1,30,,13271,13,4,,1,70,,13272,13,4,,1,30,,13273,13,4,,1,70,,13274,13,4,,1,30,,13275,13,4,,1,70,,13276,13,4,,1,30,,13277,13,4,,1,70,,13278,13,4,,1,30,,13279,13,4,,1,70,,13280,13,4,,1,30,,13281,13,4,,1,70,,13282,13,4,,1,30,,13283,13,4,,1,70,,13284,13,4,,1,30,,13285,13,4,,1,70,,13286,13,4,,1,30,,13287,13,4,,1,70,,13288,13,4,,1,30,,13289,13,4,,1,70,,13290,13,4,,1,30,,13291,13,4,,1,70,,13292,13,4,,1,30,,13293,13,4,,1,70,,13294,13,4,,1,30,,13295,13,4,,1,70,,13296,13,4,,1,30,,13297,13,4,,1,70,,13298,13,4,,1
1501,'3',921,,13300,13,4,,1,30,,13301,13,4,,1,70,,13302,13,4,,1,30,,13303,13,4,,1,70,,13304,13,4,,1,30,,13305,13,4,,1,70,,13306,13,4,,1,30,,13307,13,4,,1,70,,13308,13,4,,1,30,,13309,13,4,,1,70,,13310,13,4,,1,30,,13311,13,4,,1,70,,13312,13,4,,1,30,,13313,13,4,,1,70,,13314,13,4,,1,30,,13315,13,4,,1,70,,13316,13,4,,1,30,,13317,13,4,,1,70,,13318,13,4,,1,30,,13319,13,4,,1
1000701,'14802',2529,,15323,10,0,17 18,1,20,,15324,10,0,17 18,1,60,,15325,10,0,17 18,1,20,,15326,10,0,17 18,1,20,,15327,10,0,17 18,1
1000701,'7901',2549,,15328,10,0,17 18,1,80,,15329,10,0,17 18,1
1000701,'8001',2529,,15330,10,0,17 18,1,80,,15331,10,0,17 18,1,40,,15332,10,0,17 18,1
1000800,'3403',1815,,15333,1,,,1,35,,15334,1,,,1,75,,15335,1,,,1,75,,15336,1,,,1,35,,15337,1,,,1,75,,15338,1,,,1,35,,15339,1,,,1,75,,15340,1,,,1,35,,15341,1,,,1,75,,15342,1,,,1,75,,15343,1,,,1,35,,15344,1,,,1
