100,'1',604,,10189,6,0,24 23,1,30,,10190,6,0,24 23,1,70,,10191,6,0,24 23,1,30,,10192,6,0,24 23,1,70,,10193,6,0,24 23,1,30,,10194,6,0,24 23,1,70,,10195,6,0,24 23,1,30,,10196,6,0,24 23,1,70,,10197,6,0,24 23,1,30,,10198,6,0,24 23,1,70,,10199,6,0,24 23,1,30,,10200,6,0,24 23,1,70,,10201,6,0,24 23,1,30,,10202,6,0,24 23,1,70,,10203,6,0,24 23,1,30,,10204,6,0,24 23,1,70,,10205,6,0,24 23,1,30,,10206,6,0,24 23,1,70,,10207,6,0,24 23,1,30,,10208,6,0,24 23,1,70,,10209,6,0,24 23,1,30,,10210,6,0,24 23,1,70,,10211,6,0,24 23,1,30,,10212,6,0,24 23,1,70,,10213,6,0,24 23,1,30,,10214,6,0,24 23,1,70,,10215,6,0,24 23,1,30,,10216,6,0,24 23,1,70,,10217,6,0,24 23,1,30,,10218,6,0,24 23,1,70,,10219,6,0,24 23,1,30,,10220,6,0,24 23,1,70,,10221,6,0,24 23,1,30,,10222,6,0,24 23,1,70,,10223,6,0,24 23,1,30,,10224,6,0,24 23,1,70,,10225,6,0,24 23,1,30,,10226,6,0,24 23,1
100,'2',604,,10227,6,0,24 23,1,30,,10228,6,0,24 23,1,70,,10229,6,0,24 23,1,30,,10230,6,0,24 23,1,70,,10231,6,0,24 23,1,30,,10232,6,0,24 23,1,70,,10233,6,0,24 23,1,30,,10234,6,0,24 23,1,70,,10235,6,0,24 23,1,30,,10236,6,0,24 23,1,70,,10237,6,0,24 23,1,30,,10238,6,0,24 23,1,70,,10239,6,0,24 23,1,30,,10240,6,0,24 23,1,70,,10241,6,0,24 23,1,30,,10242,6,0,24 23,1,70,,10243,6,0,24 23,1,30,,10244,6,0,24 23,1,70,,10245,6,0,24 23,1,30,,10246,6,0,24 23,1,70,,10247,6,0,24 23,1,30,,10248,6,0,24 23,1,70,,10249,6,0,24 23,1,30,,10250,6,0,24 23,1,70,,10251,6,0,24 23,1,30,,10252,6,0,24 23,1,70,,10253,6,0,24 23,1,30,,10254,6,0,24 23,1,70,,10255,6,0,24 23,1,30,,10256,6,0,24 23,1,70,,10257,6,0,24 23,1,30,,10258,6,0,24 23,1,70,,10259,6,0,24 23,1,30,,10260,6,0,24 23,1,70,,10261,6,0,24 23,1,30,,10262,6,0,24 23,1,70,,10263,6,0,24 23,1,30,,10264,6,0,24 23,1
100,'3',934,,10265,6,0,24 23,1,70,,10266,6,0,24 23,1,30,,10267,6,0,24 23,1,70,,10268,6,0,24 23,1,30,,10269,6,0,24 23,1,70,,10270,6,0,24 23,1,30,,10271,6,0,24 23,1,70,,10272,6,0,24 23,1,30,,10273,6,0,24 23,1,70,,10274,6,0,24 23,1,30,,10275,6,0,24 23,1,70,,10276,6,0,24 23,1,30,,10277,6,0,24 23,1,70,,10278,6,0,24 23,1,30,,10279,6,0,24 23,1,70,,10280,6,0,24 23,1,30,,10281,6,0,24 23,1,70,,10282,6,0,24 23,1,30,,10283,6,0,24 23,1,70,,10284,6,0,24 23,1
9901,'1',553,,14917,6,,,1,50,,14918,14,,,1,10,,14919,14,,,1,10,,14920,26,,,1,10,,14921,26,,,1,10,,14922,26,,,1,10,,14923,26,,,1,50,,14924,26,,,1,10,,14925,26,,,1,10,,14926,26,,,1,6,,15029,6,,,1,4,,14927,26,,,1,10,,14928,26,,,1,10,,14929,26,,,1,6,,15030,6,,,1,44,,14930,26,,,1,10,,14931,26,,,1,10,,14932,26,,,1,6,,15031,6,,,1,4,,14933,26,,,1,10,,14934,26,,,1,10,,14935,26,,,1,6,,15032,6,,,1,44,,14936,26,,,1,10,,14937,26,,,1,10,,14938,26,,,1,6,,15033,6,,,1,4,,14939,26,,,1,10,,14940,26,,,1,10,,14941,26,,,1,6,,15034,6,,,1,44,,14942,26,,,1,10,,14943,26,,,1,10,,14944,26,,,1,6,,15035,6,,,1,4,,14945,26,,,1,5,,15036,6,,,1,5,,14946,26,,,1,10,,14947,26,,,1,50,,14948,26,,,1,5,,15037,6,,,1,5,,14949,26,,,1,10,,14950,26,,,1,10,,14951,26,,,1,5,,15038,6,,,1,5,,14952,26,,,1,10,,14953,26,,,1,50,,14954,26,,,1,5,,15039,6,,,1,5,,14955,26,,,1,10,,14956,26,,,1,10,,14957,26,,,1,5,,15040,6,,,1,5,,14958,26,,,1,10,,14959,26,,,1,50,,14960,26,,,1,5,,15041,6,,,1,5,,14961,26,,,1,10,,14962,26,,,1,10,,14963,26,,,1,5,,15042,6,,,1,5,,14964,26,,,1,10,,14965,26,,,1,50,,14966,26,,,1,5,,15043,6,,,1,5,,14967,26,,,1,10,,14968,26,,,1,6,,15044,6,,,1,4,,14969,26,,,1,5,,15045,6,,,1,5,,14970,26,,,1,10,,14971,26,,,1,6,,15046,6,,,1,44,,14972,26,,,1,5,,15047,6,,,1,5,,14973,26,,,1,10,,14974,26,,,1,6,,15048,6,,,1,4,,14975,26,,,1,5,,15049,6,,,1,5,,14976,26,,,1,10,,14977,26,,,1,6,,15050,6,,,1,44,,14978,26,,,1,5,,15051,6,,,1,5,,14979,26,,,1,10,,14980,26,,,1,6,,15052,6,,,1,4,,14981,26,,,1,5,,15053,6,,,1,5,,14982,26,,,1,10,,14983,26,,,1,6,,15054,6,,,1,44,,14984,26,,,1,5,,15055,6,,,1,5,,14985,26,,,1,10,,14986,26,,,1,6,,15056,6,,,1,4,,14987,26,,,1,10,,14988,26,,,1,10,,14989,26,,,1,6,,15057,6,,,1,44,,14990,26,,,1,10,,14991,26,,,1,10,,14992,26,,,1,10,,14993,26,,,1,10,,14994,26,,,1,10,,14995,26,,,1,50,,14996,26,,,1,10,,14997,26,,,1,10,,14998,26,,,1,10,,14999,26,,,1,10,,15000,26,,,1,10,,15001,26,,,1,50,,15002,26,,,1,10,,15003,26,,,1,10,,15004,26,,,1,10,,15005,26,,,1,10,,15006,26,,,1,10,,15007,26,,,1,50,,15008,26,,,1,10,,15009,26,,,1,10,,15010,26,,,1,10,,15011,26,,,1,10,,15012,26,,,1,10,,15013,26,,,1,50,,15014,26,,,1,10,,15015,26,,,1,10,,15016,26,,,1,10,,15017,26,,,1,15,,15019,14,,,1,55,,15020,26,,,1,15,,15021,14,,,1,15,,15022,26,,,1,15,,15023,14,,,1,55,,15024,26,,,1,15,,15025,14,,,1,15,,15026,26,,,1
9901,'2',548,,15149,6,,,1,55,,15148,14,,,1,15,,15146,14,,,1,15,,15147,26,,,1,15,,15144,14,,,1,55,,15145,26,,,1,15,,15142,14,,,1,15,,15143,26,,,1,15,,15140,14,,,1,55,,15141,26,,,1,15,,15138,14,,,1,15,,15139,26,,,1,15,,15136,14,,,1,55,,15137,26,,,1,15,,15134,14,,,1,15,,15135,26,,,1,15,,15132,14,,,1,55,,15133,26,,,1,15,,15130,14,,,1,15,,15131,26,,,1,15,,15128,14,,,1,55,,15129,26,,,1,15,,15126,14,,,1,15,,15127,26,,,1,15,,15124,14,,,1,55,,15125,26,,,1,15,,15122,14,,,1,15,,15123,26,,,1,15,,15120,14,,,1,55,,15121,26,,,1,15,,15118,14,,,1,15,,15119,26,,,1,15,,15116,14,,,1,55,,15117,26,,,1,15,,15114,14,,,1,15,,15115,26,,,1,15,,15150,14,,,1,55,,15113,26,,,1,15,,15111,14,,,1,15,,15151,6,,,1,15,,15109,14,,,1,55,,15110,26,,,1,15,,15107,14,,,1,15,,15108,26,,,1,15,,15105,14,,,1,55,,15106,26,,,1,15,,15103,14,,,1,15,,15104,26,,,1,15,,15101,14,,,1,55,,15102,26,,,1,15,,15099,14,,,1,15,,15100,26,,,1,15,,15097,14,,,1,55,,15098,26,,,1,15,,15095,14,,,1,15,,15096,26,,,1,15,,15093,14,,,1,55,,15094,26,,,1,15,,15091,14,,,1,15,,15092,26,,,1,15,,15089,14,,,1,55,,15090,26,,,1,15,,15087,14,,,1,15,,15088,26,,,1,15,,15085,14,,,1,55,,15086,26,,,1,15,,15083,14,,,1,15,,15084,26,,,1,15,,15081,14,,,1,55,,15082,26,,,1,15,,15079,14,,,1,15,,15080,26,,,1,15,,15077,14,,,1,55,,15078,26,,,1,15,,15075,14,,,1,15,,15076,26,,,1
9901,'3',733,,15152,14,,,1,15,,15153,14,,,1,55,,15154,26,,,1,15,,15155,14,,,1,15,,15156,26,,,1,15,,15157,14,,,1,55,,15158,26,,,1,15,,15159,14,,,1,15,,15160,26,,,1,15,,15161,14,,,1,55,,15162,26,,,1,15,,15163,14,,,1,15,,15164,26,,,1,15,,15165,14,,,1,55,,15166,26,,,1,15,,15167,14,,,1,15,,15168,26,,,1,15,,15169,14,,,1,55,,15170,26,,,1,15,,15171,14,,,1,15,,15172,26,,,1,15,,15173,14,,,1,55,,15174,26,,,1,15,,15175,14,,,1,15,,15176,26,,,1,15,,15177,14,,,1,55,,15178,26,,,1,15,,15179,14,,,1,15,,15180,26,,,1,15,,15181,14,,,1,55,,15182,26,,,1,15,,15183,14,,,1,15,,15184,26,,,1,15,,15185,14,,,1,55,,15186,26,,,1,15,,15187,14,,,1,15,,15188,26,,,1,15,,15189,14,,,1,55,,15190,26,,,1,15,,15191,14,,,1,15,,15192,26,,,1,15,,15193,14,,,1,55,,15194,26,,,1,15,,15195,14,,,1,15,,15196,26,,,1,15,,15197,14,,,1,55,,15198,26,,,1,15,,15199,14,,,1,15,,15200,26,,,1,15,,15201,14,,,1,55,,15202,26,,,1,15,,15203,14,,,1,15,,15204,26,,,1,15,,15205,14,,,1,55,,15206,26,,,1,15,,15207,14,,,1,15,,15208,26,,,1,15,,15209,14,,,1,55,,15210,26,,,1,15,,15211,14,,,1,15,,15212,26,,,1
9901,'7',933,,15214,14,,,1,70,,15215,26,,,1,30,,15216,26,,,1,70,,15217,26,,,1,30,,15218,26,,,1,70,,15219,26,,,1,30,,15220,26,,,1,70,,15221,26,,,1,30,,15222,26,,,1,70,,15223,26,,,1,30,,15224,26,,,1,70,,15225,26,,,1,30,,15226,26,,,1,70,,15227,26,,,1,30,,15228,26,,,1,70,,15229,26,,,1,30,,15230,26,,,1,70,,15231,26,,,1,30,,15232,26,,,1,70,,15233,26,,,1
1000800,'3403',1819,,15333,6,,,1,35,,15334,6,,,1,75,,15335,6,,,1,75,,15336,6,,,1,35,,15337,6,,,1,75,,15338,6,,,1,35,,15339,6,,,1,75,,15340,6,,,1,35,,15341,6,,,1,75,,15342,6,,,1,75,,15343,6,,,1,35,,15344,6,,,1
1119801,'14802',2528,,15361,14,,,1,30,,15362,14,,,1,70,,15363,14,,,1,30,,15364,14,,,1
1119801,'8001',2528,,15365,14,,,1,30,,15366,14,,,1,70,,15367,14,,,1,30,,15368,14,,,1
21005600,'12701',714,,15569,5,0,14 29,1,20,,15570,5,0,14 29,1,20,,15571,5,0,14 29,1,60,,15572,5,0,14 29,1,20,,15573,5,0,14 29,1,20,,15574,5,0,14 29,1,60,,15575,5,0,14 29,1,20,,15568,5,0,14 29,1,20,,15545,5,0,14 29,1,60,,15567,5,0,14 29,1,20,,15566,5,0,14 29,1,20,,15565,5,0,14 29,1,60,,15564,5,0,14 29,1,20,,15563,5,0,14 29,1,20,,15562,5,0,14 29,1,60,,15561,5,0,14 29,1,20,,15560,5,0,14 29,1,20,,15559,5,0,14 29,1,60,,15558,5,0,14 29,1,20,,15557,5,0,14 29,1,21,,15556,5,0,14 29,1,60,,15555,5,0,14 29,1,20,,15554,5,0,14 29,1,20,,15553,5,0,14 29,1,60,,15552,5,0,14 29,1,20,,15551,5,0,14 29,1,20,,15550,5,0,14 29,1,60,,15549,5,0,14 29,1,20,,15548,5,0,14 29,1,20,,15547,5,0,14 29,1,60,,15546,5,0,14 29,1,20,,15576,5,0,14 29,1,19,,15577,5,0,14 29,1,65,,15578,5,0,14 29,1,30,,15579,5,0,14 29,1,70,,15580,5,0,14 29,1,30,,15581,5,0,14 29,1,70,,15582,5,0,14 29,1,30,,15583,5,0,14 29,1
