901,'1',605,,11977,12,0,34,1,30,,11978,12,0,34,1,70,,11979,12,0,34,1,30,,11980,12,0,34,1,70,,11981,12,0,34,1,30,,11982,12,0,34,1,70,,11983,12,0,34,1,30,,11984,12,0,34,1,70,,11985,12,0,34,1,30,,11986,12,0,34,1,70,,11987,12,0,34,1,30,,11988,12,0,34,1,70,,11989,12,0,34,1,30,,11990,12,0,34,1,70,,11991,12,0,34,1,30,,11992,12,0,34,1,70,,11993,12,0,34,1,30,,11994,12,0,34,1,70,,11995,12,0,34,1,30,,11996,12,0,34,1,70,,11997,12,0,34,1,30,,11998,12,0,34,1,70,,11999,12,0,34,1,30,,12000,12,0,34,1,70,,12001,12,0,34,1,30,,12002,12,0,34,1,70,,12003,12,0,34,1,30,,12004,12,0,34,1,70,,12005,12,0,34,1,30,,12006,12,0,34,1,70,,12007,12,0,34,1,30,,12008,12,0,34,1,70,,12009,12,0,34,1,30,,12010,12,0,34,1,70,,12011,12,0,34,1,30,,12012,12,0,34,1,70,,12013,12,0,34,1,30,,12014,12,0,34,1
901,'2',605,,12015,12,0,34,1,30,,12016,12,0,34,1,70,,12017,12,0,34,1,30,,12018,12,0,34,1,70,,12019,12,0,34,1,30,,12020,12,0,34,1,70,,12021,12,0,34,1,30,,12022,12,0,34,1,70,,12023,12,0,34,1,30,,12024,12,0,34,1,70,,12025,12,0,34,1,30,,12026,12,0,34,1,70,,12027,12,0,34,1,30,,12028,12,0,34,1,70,,12029,12,0,34,1,30,,12030,12,0,34,1,70,,12031,12,0,34,1,30,,12032,12,0,34,1,70,,12033,12,0,34,1,30,,12034,12,0,34,1,70,,12035,12,0,34,1,30,,12036,12,0,34,1,70,,12037,12,0,34,1,30,,12038,12,0,34,1,70,,12039,12,0,34,1,30,,12040,12,0,34,1,70,,12041,12,0,34,1,30,,12042,12,0,34,1,70,,12043,12,0,34,1,30,,12044,12,0,34,1,70,,12045,12,0,34,1,30,,12046,12,0,34,1,70,,12047,12,0,34,1,30,,12048,12,0,34,1,70,,12049,12,0,34,1,30,,12050,12,0,34,1,70,,12051,12,0,34,1,30,,12052,12,0,34,1
901,'3',935,,12053,12,0,34,1,70,,12054,12,0,34,1,30,,12055,12,0,34,1,70,,12056,12,0,34,1,30,,12057,12,0,34,1,70,,12058,12,0,34,1,30,,12059,12,0,34,1,70,,12060,12,0,34,1,30,,12061,12,0,34,1,70,,12062,12,0,34,1,30,,12063,12,0,34,1,70,,12064,12,0,34,1,30,,12065,12,0,34,1,70,,12066,12,0,34,1,30,,12067,12,0,34,1,70,,12068,12,0,34,1,30,,12069,12,0,34,1,70,,12070,12,0,34,1,30,,12071,12,0,34,1,70,,12072,12,0,34,1
2001,'1',606,,14201,21,0,7 8,1,25,,14202,21,0,7 8,1,5,,14203,21,0,7 8,1,65,,14204,21,0,7 8,1,5,,14205,21,0,7 8,1,30,,14206,21,0,7 8,1,70,,14207,21,0,7 8,1,30,,14208,21,0,7 8,1,70,,14209,21,0,7 8,1,30,,14210,21,0,7 8,1,70,,14211,21,0,7 8,1,30,,14212,21,0,7 8,1,70,,14213,21,0,7 8,1,30,,14214,21,0,7 8,1,70,,14215,21,0,7 8,1,30,,14216,21,0,7 8,1,70,,14217,21,0,7 8,1,30,,14218,21,0,7 8,1,70,,14219,21,0,7 8,1,30,,14220,21,0,7 8,1,22,,14221,21,0,7 8,1,48,,14222,21,0,7 8,1,25,,14223,21,0,7 8,1,5,,14224,21,0,7 8,1,70,,14225,21,0,7 8,1,30,,14226,21,0,7 8,1,70,,14227,21,0,7 8,1,30,,14228,21,0,7 8,1,70,,14229,21,0,7 8,1,30,,14230,21,0,7 8,1,70,,14231,21,0,7 8,1,30,,14232,21,0,7 8,1,70,,14233,21,0,7 8,1,30,,14234,21,0,7 8,1,70,,14235,21,0,7 8,1,30,,14236,21,0,7 8,1,70,,14237,21,0,7 8,1,30,,14238,21,0,7 8,1,70,,14239,21,0,7 8,1,30,,14240,21,0,7 8,1,70,,14241,21,0,7 8,1,30,,14242,21,0,7 8,1
2001,'2',606,,14243,21,0,7 8,1,30,,14244,21,0,7 8,1,70,,14245,21,0,7 8,1,30,,14246,21,0,7 8,1,70,,14247,21,0,7 8,1,30,,14248,21,0,7 8,1,70,,14249,21,0,7 8,1,30,,14250,21,0,7 8,1,70,,14251,21,0,7 8,1,30,,14252,21,0,7 8,1,70,,14253,21,0,7 8,1,30,,14254,21,0,7 8,1,70,,14255,21,0,7 8,1,30,,14256,21,0,7 8,1,70,,14257,21,0,7 8,1,30,,14258,21,0,7 8,1,70,,14259,21,0,7 8,1,30,,14260,21,0,7 8,1,70,,14261,21,0,7 8,1,30,,14262,21,0,7 8,1,70,,14263,21,0,7 8,1,30,,14264,21,0,7 8,1,70,,14265,21,0,7 8,1,30,,14266,21,0,7 8,1,70,,14267,21,0,7 8,1,30,,14268,21,0,7 8,1,70,,14269,21,0,7 8,1,30,,14270,21,0,7 8,1,70,,14271,21,0,7 8,1,30,,14272,21,0,7 8,1,70,,14273,21,0,7 8,1,30,,14274,21,0,7 8,1,70,,14275,21,0,7 8,1,30,,14276,21,0,7 8,1,70,,14277,21,0,7 8,1,30,,14278,21,0,7 8,1,70,,14279,21,0,7 8,1,30,,14280,21,0,7 8,1
2001,'3',936,,14281,21,0,7 8,1,70,,14282,21,0,7 8,1,30,,14283,21,0,7 8,1,70,,14284,21,0,7 8,1,30,,14285,21,0,7 8,1,70,,14286,21,0,7 8,1,30,,14287,21,0,7 8,1,70,,14288,21,0,7 8,1,30,,14289,21,0,7 8,1,70,,14290,21,0,7 8,1,30,,14291,21,0,7 8,1,70,,14292,21,0,7 8,1,30,,14293,21,0,7 8,1,70,,14294,21,0,7 8,1,30,,14295,21,0,7 8,1,70,,14296,21,0,7 8,1,30,,14297,21,0,7 8,1,70,,14298,21,0,7 8,1,30,,14299,21,0,7 8,1,70,,14300,21,0,7 8,1
9900,'1',557,,14601,9,,,1,50,,14602,24,,,1,10,,14603,24,,,1,10,,14604,24,,,1,10,,14605,24,,,1,10,,14606,24,,,1,10,,14607,24,,,1,50,,14608,24,,,1,10,,14609,24,,,1,10,,14610,24,,,1,10,,14611,24,,,1,10,,14612,24,,,1,10,,14613,24,,,1,50,,14614,24,,,1,10,,14615,24,,,1,10,,14616,24,,,1,10,,14617,24,,,1,10,,14618,24,,,1,10,,14619,24,,,1,50,,14620,24,,,1,10,,14621,24,,,1,10,,14622,24,,,1,10,,14623,24,,,1,10,,14624,24,,,1,10,,14625,24,,,1,50,,14626,24,,,1,10,,14627,24,,,1,10,,14628,24,,,1,10,,14629,24,,,1,10,,14630,24,,,1,10,,14631,24,,,1,50,,14632,24,,,1,10,,14633,24,,,1,10,,14634,24,,,1,10,,14635,24,,,1,10,,14636,24,,,1,10,,14637,24,,,1,50,,14638,24,,,1,10,,14639,24,,,1,10,,14640,24,,,1,10,,14641,24,,,1,10,,14642,24,,,1,10,,14643,24,,,1,50,,14644,24,,,1,10,,14645,24,,,1,10,,14646,24,,,1,10,,14647,24,,,1,10,,14648,24,,,1,10,,14649,24,,,1,50,,14650,24,,,1,10,,14651,24,,,1,10,,14652,24,,,1,10,,14653,24,,,1,10,,14654,24,,,1,10,,14655,24,,,1,50,,14656,24,,,1,10,,14657,24,,,1,10,,14659,9,,,1,10,,14660,24,,,1,10,,14661,24,,,1,10,,14662,24,,,1,50,,14663,24,,,1,10,,14664,24,,,1,10,,14665,24,,,1,10,,14666,24,,,1,10,,14667,24,,,1,10,,14668,24,,,1,50,,14669,24,,,1,10,,14670,24,,,1,10,,14671,24,,,1,10,,14672,24,,,1,10,,14673,24,,,1,10,,14674,24,,,1,50,,14675,24,,,1,10,,14676,24,,,1,10,,14677,24,,,1,10,,14678,24,,,1,10,,14679,24,,,1,10,,14680,24,,,1,50,,14681,24,,,1,10,,14682,24,,,1,10,,14683,24,,,1,10,,14684,24,,,1,10,,14685,24,,,1,10,,14686,24,,,1,50,,14687,24,,,1,10,,14688,24,,,1,10,,14689,24,,,1,10,,14690,24,,,1,10,,14691,24,,,1,10,,14692,24,,,1,50,,14693,24,,,1,10,,14694,24,,,1,10,,14695,24,,,1,10,,14696,24,,,1,15,,14697,24,,,1,55,,14698,24,,,1,16,,14699,24,,,1,14,,14700,24,,,1,16,,14701,24,,,1,54,,14702,24,,,1,16,,14703,24,,,1,14,,14704,24,,,1,16,,14705,24,,,1,54,,14706,24,,,1,16,,14707,24,,,1,15,,14708,24,,,1,15,,14709,24,,,1,55,,14710,24,,,1
9900,'2',553,,14829,9,,,1,54,,14830,24,,,1,16,,14827,24,,,1,14,,14828,24,,,1,16,,14825,24,,,1,54,,14826,24,,,1,16,,14823,24,,,1,14,,14824,24,,,1,16,,14821,24,,,1,54,,14822,24,,,1,16,,14819,24,,,1,14,,14820,24,,,1,16,,14817,24,,,1,54,,14818,24,,,1,16,,14815,24,,,1,14,,14816,24,,,1,16,,14813,24,,,1,54,,14814,24,,,1,16,,14811,24,,,1,14,,14812,24,,,1,16,,14809,24,,,1,54,,14810,24,,,1,16,,14807,24,,,1,14,,14808,24,,,1,16,,14805,24,,,1,54,,14806,24,,,1,16,,14803,24,,,1,14,,14804,24,,,1,16,,14801,24,,,1,54,,14802,24,,,1,16,,14799,24,,,1,14,,14800,24,,,1,16,,14797,24,,,1,54,,14798,24,,,1,16,,14796,24,,,1,14,,14794,24,,,1,16,,14793,24,,,1,54,,14795,24,,,1,16,,14833,9,,,1,14,,14792,24,,,1,16,,14790,24,,,1,54,,14791,24,,,1,16,,14788,24,,,1,14,,14789,24,,,1,16,,14786,24,,,1,54,,14787,24,,,1,16,,14784,24,,,1,14,,14785,24,,,1,16,,14782,24,,,1,54,,14783,24,,,1,16,,14780,24,,,1,14,,14781,24,,,1,16,,14778,24,,,1,54,,14779,24,,,1,16,,14777,24,,,1,14,,14775,24,,,1,16,,14774,24,,,1,54,,14776,24,,,1,16,,14772,24,,,1,14,,14773,24,,,1,16,,14770,24,,,1,54,,14771,24,,,1,16,,14768,24,,,1,14,,14769,24,,,1,16,,14766,24,,,1,54,,14767,24,,,1,16,,14765,24,,,1,14,,14764,24,,,1,16,,14762,24,,,1,54,,14763,24,,,1,16,,14760,24,,,1,14,,14761,24,,,1,16,,14759,24,,,1,54,,14756,24,,,1,16,,14758,24,,,1,14,,14757,24,,,1
9900,'3',723,,14835,9,,,1,14,,14836,24,,,1,16,,14837,24,,,1,54,,14838,24,,,1,16,,14839,24,,,1,14,,14840,24,,,1,16,,14841,24,,,1,54,,14842,24,,,1,16,,14843,24,,,1,14,,14844,24,,,1,16,,14845,24,,,1,54,,14846,24,,,1,16,,14847,24,,,1,14,,14848,24,,,1,16,,14849,24,,,1,54,,14850,24,,,1,16,,14851,24,,,1,14,,14852,24,,,1,16,,14853,24,,,1,54,,14854,24,,,1,16,,14855,24,,,1,14,,14856,24,,,1,16,,14857,24,,,1,54,,14858,24,,,1,16,,14859,24,,,1,14,,14860,24,,,1,16,,14861,24,,,1,54,,14862,24,,,1,16,,14863,24,,,1,14,,14864,24,,,1,16,,14865,24,,,1,54,,14866,24,,,1,16,,14867,24,,,1,14,,14868,24,,,1,16,,14869,24,,,1,54,,14870,24,,,1,16,,14871,24,,,1,14,,14872,24,,,1,16,,14873,24,,,1,54,,14874,24,,,1,16,,14875,24,,,1,14,,14876,24,,,1,16,,14877,24,,,1,54,,14878,24,,,1,16,,14879,24,,,1,14,,14880,24,,,1,16,,14881,24,,,1,54,,14882,24,,,1,16,,14883,24,,,1,14,,14884,24,,,1,16,,14885,24,,,1,54,,14886,24,,,1,16,,14887,24,,,1,14,,14888,24,,,1,16,,14889,24,,,1,54,,14890,24,,,1,16,,14891,24,,,1,14,,14892,24,,,1,16,,14893,24,,,1,54,,14894,24,,,1,16,,14895,24,,,1
9900,'7',938,,14916,24,,,1,70,,14915,24,,,1,30,,14914,24,,,1,70,,14913,24,,,1,30,,14912,24,,,1,70,,14911,24,,,1,30,,14910,24,,,1,70,,14909,24,,,1,30,,14908,24,,,1,70,,14907,24,,,1,30,,14906,24,,,1,70,,14905,24,,,1,30,,14904,24,,,1,70,,14903,24,,,1,30,,14902,24,,,1,70,,14901,24,,,1,30,,14900,24,,,1,70,,14899,24,,,1,30,,14898,24,,,1,70,,14897,24,,,1
9901,'1',558,,14920,12,,,1,50,,14921,12,,,1,10,,14922,12,,,1,10,,14923,12,,,1,10,,14924,12,,,1,10,,14925,12,,,1,10,,14926,12,,,1,50,,14927,12,,,1,10,,14928,12,,,1,10,,14929,12,,,1,10,,14930,12,,,1,10,,14931,12,,,1,10,,14932,12,,,1,50,,14933,12,,,1,10,,14934,12,,,1,10,,14935,12,,,1,10,,14936,12,,,1,10,,14937,12,,,1,10,,14938,12,,,1,50,,14939,12,,,1,10,,14940,12,,,1,10,,14941,12,,,1,10,,14942,12,,,1,10,,14943,12,,,1,10,,14944,12,,,1,50,,14945,12,,,1,10,,14946,12,,,1,10,,14947,12,,,1,10,,14948,12,,,1,10,,14949,12,,,1,10,,14950,12,,,1,50,,14951,12,,,1,10,,14952,12,,,1,10,,14953,12,,,1,10,,14954,12,,,1,10,,14955,12,,,1,10,,14956,12,,,1,50,,14957,12,,,1,10,,14958,12,,,1,10,,14959,12,,,1,10,,14960,12,,,1,10,,14961,12,,,1,10,,14962,12,,,1,50,,14963,12,,,1,10,,14964,12,,,1,10,,14965,12,,,1,10,,14966,12,,,1,10,,14967,12,,,1,10,,14968,12,,,1,50,,14969,12,,,1,10,,14970,12,,,1,10,,14971,12,,,1,10,,14972,12,,,1,10,,14973,12,,,1,10,,14974,12,,,1,50,,14975,12,,,1,10,,14976,12,,,1,10,,14977,12,,,1,10,,14978,12,,,1,10,,14979,12,,,1,10,,14980,12,,,1,50,,14981,12,,,1,10,,14982,12,,,1,10,,14983,12,,,1,10,,14984,12,,,1,10,,14985,12,,,1,10,,14986,12,,,1,50,,14987,12,,,1,10,,14988,12,,,1,10,,14989,12,,,1,10,,14990,12,,,1,10,,14991,12,,,1,10,,14992,12,,,1,50,,14993,12,,,1,10,,14994,12,,,1,10,,14995,12,,,1,10,,14996,12,,,1,10,,14997,12,,,1,10,,14998,12,,,1,50,,14999,12,,,1,10,,15000,12,,,1,10,,15001,12,,,1,10,,15002,12,,,1,10,,15003,12,,,1,10,,15004,12,,,1,50,,15005,12,,,1,10,,15006,12,,,1,10,,15007,12,,,1,10,,15008,12,,,1,10,,15009,12,,,1,10,,15010,12,,,1,51,,15011,12,,,1,10,,15012,12,,,1,10,,15013,12,,,1,10,,15014,12,,,1,10,,15015,12,,,1,10,,15016,12,,,1,50,,15017,12,,,1,16,,15018,12,,,1,14,,15020,12,,,1,70,,15022,12,,,1,30,,15024,12,,,1,70,,15026,12,,,1,31,,15028,12,,,1
9901,'2',609,,15147,12,,,1,30,,15145,12,,,1,70,,15143,12,,,1,30,,15141,12,,,1,70,,15139,12,,,1,30,,15137,12,,,1,70,,15135,12,,,1,30,,15133,12,,,1,70,,15131,12,,,1,30,,15129,12,,,1,70,,15127,12,,,1,30,,15125,12,,,1,70,,15123,12,,,1,30,,15121,12,,,1,70,,15119,12,,,1,30,,15117,12,,,1,70,,15115,12,,,1,30,,15113,12,,,1,70,,15112,12,,,1,30,,15110,12,,,1,70,,15108,12,,,1,30,,15106,12,,,1,70,,15104,12,,,1,30,,15102,12,,,1,70,,15100,12,,,1,30,,15098,12,,,1,70,,15096,12,,,1,30,,15094,12,,,1,70,,15092,12,,,1,30,,15090,12,,,1,70,,15088,12,,,1,30,,15086,12,,,1,70,,15084,12,,,1,30,,15082,12,,,1,70,,15080,12,,,1,30,,15078,12,,,1,70,,15076,12,,,1,31,,15074,12,,,1
9901,'3',739,,15154,12,,,1,70,,15156,12,,,1,30,,15158,12,,,1,70,,15160,12,,,1,30,,15162,12,,,1,70,,15164,12,,,1,30,,15166,12,,,1,70,,15168,12,,,1,30,,15170,12,,,1,70,,15172,12,,,1,30,,15174,12,,,1,70,,15176,12,,,1,30,,15178,12,,,1,70,,15180,12,,,1,30,,15182,12,,,1,70,,15184,12,,,1,30,,15186,12,,,1,70,,15188,12,,,1,30,,15190,12,,,1,70,,15192,12,,,1,30,,15194,12,,,1,70,,15196,12,,,1,30,,15198,12,,,1,70,,15200,12,,,1,30,,15202,12,,,1,70,,15204,12,,,1,30,,15206,12,,,1,70,,15208,12,,,1,30,,15210,12,,,1,70,,15212,12,,,1
9901,'7',939,,15215,12,,,1,70,,15216,12,,,1,30,,15217,12,,,1,70,,15218,12,,,1,30,,15219,12,,,1,70,,15220,12,,,1,30,,15221,12,,,1,70,,15222,12,,,1,30,,15223,12,,,1,70,,15224,12,,,1,30,,15225,12,,,1,70,,15226,12,,,1,30,,15227,12,,,1,70,,15228,12,,,1,30,,15229,12,,,1,70,,15230,12,,,1,30,,15231,12,,,1,70,,15232,12,,,1,30,,15233,12,,,1
1119800,'14802',2601,,15357,24,,,1,30,,15358,24,,,1
1119800,'8001',2601,,15360,24,,,1,30,,15359,24,,,1
