9901,'1',556,,14917,11,,,1,50,,14918,19,,,1,10,,14919,19,,,1,10,,14920,31,,,1,10,,14921,31,,,1,10,,14922,31,,,1,10,,14923,31,,,1,50,,14924,31,,,1,10,,14925,31,,,1,10,,14926,31,,,1,6,,15029,11,,,1,4,,14927,31,,,1,10,,14928,31,,,1,10,,14929,31,,,1,46,,15030,11,,,1,4,,14930,31,,,1,10,,14931,31,,,1,10,,14932,31,,,1,6,,15031,11,,,1,4,,14933,31,,,1,10,,14934,31,,,1,10,,14935,31,,,1,46,,15032,11,,,1,4,,14936,31,,,1,10,,14937,31,,,1,10,,14938,31,,,1,6,,15033,11,,,1,4,,14939,31,,,1,10,,14940,31,,,1,10,,14941,31,,,1,46,,15034,11,,,1,4,,14942,31,,,1,10,,14943,31,,,1,10,,14944,31,,,1,6,,15035,11,,,1,4,,14945,31,,,1,5,,15036,11,,,1,5,,14946,31,,,1,10,,14947,31,,,1,50,,14948,31,,,1,5,,15037,11,,,1,5,,14949,31,,,1,10,,14950,31,,,1,10,,14951,31,,,1,5,,15038,11,,,1,5,,14952,31,,,1,10,,14953,31,,,1,50,,14954,31,,,1,5,,15039,11,,,1,5,,14955,31,,,1,10,,14956,31,,,1,10,,14957,31,,,1,5,,15040,11,,,1,5,,14958,31,,,1,10,,14959,31,,,1,50,,14960,31,,,1,5,,15041,11,,,1,5,,14961,31,,,1,10,,14962,31,,,1,10,,14963,31,,,1,5,,15042,11,,,1,5,,14964,31,,,1,10,,14965,31,,,1,50,,14966,31,,,1,5,,15043,11,,,1,5,,14967,31,,,1,10,,14968,31,,,1,6,,15044,11,,,1,4,,14969,31,,,1,5,,15045,11,,,1,5,,14970,31,,,1,10,,14971,31,,,1,46,,15046,11,,,1,4,,14972,31,,,1,5,,15047,11,,,1,5,,14973,31,,,1,10,,14974,31,,,1,6,,15048,11,,,1,4,,14975,31,,,1,5,,15049,11,,,1,5,,14976,31,,,1,10,,14977,31,,,1,46,,15050,11,,,1,4,,14978,31,,,1,5,,15051,11,,,1,5,,14979,31,,,1,10,,14980,31,,,1,6,,15052,11,,,1,4,,14981,31,,,1,5,,15053,11,,,1,5,,14982,31,,,1,10,,14983,31,,,1,46,,15054,11,,,1,4,,14984,31,,,1,5,,15055,11,,,1,5,,14985,31,,,1,10,,14986,31,,,1,6,,15056,11,,,1,4,,14987,31,,,1,10,,14988,31,,,1,10,,14989,31,,,1,46,,15057,11,,,1,4,,14990,31,,,1,10,,14991,31,,,1,10,,14992,31,,,1,10,,14993,31,,,1,10,,14994,31,,,1,10,,14995,31,,,1,50,,14996,31,,,1,10,,14997,31,,,1,10,,14998,31,,,1,10,,14999,31,,,1,10,,15000,31,,,1,10,,15001,31,,,1,50,,15002,31,,,1,10,,15003,31,,,1,10,,15004,31,,,1,10,,15005,31,,,1,10,,15006,31,,,1,10,,15007,31,,,1,50,,15008,31,,,1,10,,15009,31,,,1,10,,15010,31,,,1,10,,15011,31,,,1,10,,15012,31,,,1,10,,15013,31,,,1,50,,15014,31,,,1,10,,15015,31,,,1,10,,15016,31,,,1,10,,15017,31,,,1,15,,15019,19,,,1,55,,15020,31,,,1,15,,15021,19,,,1,15,,15022,31,,,1,15,,15023,19,,,1,55,,15024,31,,,1,15,,15025,19,,,1,15,,15026,31,,,1
9901,'2',551,,15149,11,,,1,55,,15148,19,,,1,15,,15146,19,,,1,15,,15147,31,,,1,15,,15144,19,,,1,55,,15145,31,,,1,15,,15142,19,,,1,15,,15143,31,,,1,15,,15140,19,,,1,55,,15141,31,,,1,15,,15138,19,,,1,15,,15139,31,,,1,15,,15136,19,,,1,55,,15137,31,,,1,15,,15134,19,,,1,15,,15135,31,,,1,15,,15132,19,,,1,55,,15133,31,,,1,15,,15130,19,,,1,15,,15131,31,,,1,15,,15128,19,,,1,55,,15129,31,,,1,15,,15126,19,,,1,15,,15127,31,,,1,15,,15124,19,,,1,55,,15125,31,,,1,15,,15122,19,,,1,15,,15123,31,,,1,15,,15120,19,,,1,55,,15121,31,,,1,15,,15118,19,,,1,15,,15119,31,,,1,15,,15116,19,,,1,55,,15117,31,,,1,15,,15114,19,,,1,15,,15115,31,,,1,15,,15150,19,,,1,55,,15113,31,,,1,15,,15111,19,,,1,15,,15151,11,,,1,15,,15109,19,,,1,55,,15110,31,,,1,15,,15107,19,,,1,15,,15108,31,,,1,15,,15105,19,,,1,55,,15106,31,,,1,15,,15103,19,,,1,15,,15104,31,,,1,15,,15101,19,,,1,55,,15102,31,,,1,15,,15099,19,,,1,15,,15100,31,,,1,15,,15097,19,,,1,55,,15098,31,,,1,15,,15095,19,,,1,15,,15096,31,,,1,15,,15093,19,,,1,55,,15094,31,,,1,15,,15091,19,,,1,15,,15092,31,,,1,15,,15089,19,,,1,55,,15090,31,,,1,15,,15087,19,,,1,15,,15088,31,,,1,15,,15085,19,,,1,55,,15086,31,,,1,15,,15083,19,,,1,15,,15084,31,,,1,15,,15081,19,,,1,55,,15082,31,,,1,15,,15079,19,,,1,15,,15080,31,,,1,15,,15077,19,,,1,55,,15078,31,,,1,15,,15075,19,,,1,15,,15076,31,,,1
9901,'3',736,,15152,19,,,1,15,,15153,19,,,1,55,,15154,31,,,1,15,,15155,19,,,1,15,,15156,31,,,1,15,,15157,19,,,1,55,,15158,31,,,1,15,,15159,19,,,1,15,,15160,31,,,1,15,,15161,19,,,1,55,,15162,31,,,1,15,,15163,19,,,1,15,,15164,31,,,1,15,,15165,19,,,1,55,,15166,31,,,1,15,,15167,19,,,1,15,,15168,31,,,1,15,,15169,19,,,1,55,,15170,31,,,1,15,,15171,19,,,1,15,,15172,31,,,1,15,,15173,19,,,1,55,,15174,31,,,1,15,,15175,19,,,1,15,,15176,31,,,1,15,,15177,19,,,1,55,,15178,31,,,1,15,,15179,19,,,1,15,,15180,31,,,1,15,,15181,19,,,1,55,,15182,31,,,1,15,,15183,19,,,1,15,,15184,31,,,1,15,,15185,19,,,1,55,,15186,31,,,1,15,,15187,19,,,1,15,,15188,31,,,1,15,,15189,19,,,1,55,,15190,31,,,1,15,,15191,19,,,1,15,,15192,31,,,1,15,,15193,19,,,1,55,,15194,31,,,1,15,,15195,19,,,1,15,,15196,31,,,1,15,,15197,19,,,1,55,,15198,31,,,1,15,,15199,19,,,1,15,,15200,31,,,1,15,,15201,19,,,1,55,,15202,31,,,1,15,,15203,19,,,1,15,,15204,31,,,1,15,,15205,19,,,1,55,,15206,31,,,1,15,,15207,19,,,1,15,,15208,31,,,1,15,,15209,19,,,1,55,,15210,31,,,1,15,,15211,19,,,1,15,,15212,31,,,1
9901,'7',936,,15214,19,,,1,70,,15215,31,,,1,30,,15216,31,,,1,70,,15217,31,,,1,30,,15218,31,,,1,70,,15219,31,,,1,30,,15220,31,,,1,70,,15221,31,,,1,30,,15222,31,,,1,70,,15223,31,,,1,30,,15224,31,,,1,70,,15225,31,,,1,30,,15226,31,,,1,70,,15227,31,,,1,30,,15228,31,,,1,70,,15229,31,,,1,30,,15230,31,,,1,70,,15231,31,,,1,30,,15232,31,,,1,70,,15233,31,,,1
1000600,'14802',2523,,15293,11,0,24 29,1,20,,15294,11,0,24 29,1,60,,15295,11,0,24 29,1,20,,15296,11,0,24 29,1,20,,15297,11,0,24 29,1
1000600,'7901',2543,,15298,11,0,24 29,1,80,,15299,11,0,24 29,1
1000600,'8001',2523,,15300,11,0,24 29,1,80,,15301,11,0,24 29,1,40,,15302,11,0,24 29,1
1119801,'14802',2531,,15361,19,,,1,70,,15362,19,,,1,30,,15363,19,,,1,70,,15364,19,,,1
1119801,'8001',2531,,15365,19,,,1,70,,15366,19,,,1,30,,15367,19,,,1,70,,15368,19,,,1
21005600,'12701',717,,15569,10,0,14 29,1,20,,15570,10,0,14 29,1,20,,15571,10,0,14 29,1,60,,15572,10,0,14 29,1,20,,15573,10,0,14 29,1,20,,15574,10,0,14 29,1,60,,15575,10,0,14 29,1,20,,15568,10,0,14 29,1,20,,15545,10,0,14 29,1,61,,15567,10,0,14 29,1,20,,15566,10,0,14 29,1,20,,15565,10,0,14 29,1,60,,15564,10,0,14 29,1,20,,15563,10,0,14 29,1,20,,15562,10,0,14 29,1,60,,15561,10,0,14 29,1,20,,15560,10,0,14 29,1,20,,15559,10,0,14 29,1,60,,15558,10,0,14 29,1,20,,15557,10,0,14 29,1,21,,15556,10,0,14 29,1,60,,15555,10,0,14 29,1,20,,15554,10,0,14 29,1,20,,15553,10,0,14 29,1,60,,15552,10,0,14 29,1,20,,15551,10,0,14 29,1,20,,15550,10,0,14 29,1,60,,15549,10,0,14 29,1,20,,15548,10,0,14 29,1,20,,15547,10,0,14 29,1,60,,15546,10,0,14 29,1,20,,15576,10,0,14 29,1,18,,15577,10,0,14 29,1,65,,15578,10,0,14 29,1,30,,15579,10,0,14 29,1,70,,15580,10,0,14 29,1,30,,15581,10,0,14 29,1,70,,15582,10,0,14 29,1,30,,15583,10,0,14 29,1
