201,'1',550,,10477,11,0,23 24,1,70,,10478,10,0,23 24,1,30,,10479,10,0,23 24,1,70,,10480,10,0,23 24,1,30,,10481,10,0,23 24,1,70,,10482,10,0,23 24,1,30,,10483,10,0,23 24,1,70,,10484,10,0,23 24,1,30,,10485,10,0,23 24,1,70,,10486,10,0,23 24,1,30,,10487,10,0,23 24,1,70,,10488,10,0,23 24,1,30,,10489,10,0,23 24,1,70,,10490,10,0,23 24,1,30,,10491,10,0,23 24,1,70,,10492,10,0,23 24,1,30,,10493,10,0,23 24,1,70,,10494,10,0,23 24,1,30,,10495,10,0,23 24,1,70,,10496,10,0,23 24,1,30,,10497,10,0,23 24,1,70,,10498,10,0,23 24,1,30,,10499,10,0,23 24,1,70,,10500,10,0,23 24,1,30,,10501,10,0,23 24,1,70,,10502,10,0,23 24,1,30,,10503,10,0,23 24,1,70,,10504,10,0,23 24,1,30,,10505,10,0,23 24,1,70,,10506,10,0,23 24,1,30,,10507,10,0,23 24,1,70,,10508,10,0,23 24,1,30,,10509,10,0,23 24,1,70,,10510,10,0,23 24,1,30,,10511,10,0,23 24,1,70,,10512,10,0,23 24,1,30,,10513,10,0,23 24,1,70,,10514,10,0,23 24,1
201,'2',550,,10515,11,0,23 24,1,70,,10516,10,0,23 24,1,30,,10517,10,0,23 24,1,70,,10518,10,0,23 24,1,30,,10519,10,0,23 24,1,70,,10520,10,0,23 24,1,30,,10521,10,0,23 24,1,70,,10522,10,0,23 24,1,30,,10523,10,0,23 24,1,70,,10524,10,0,23 24,1,30,,10525,10,0,23 24,1,70,,10526,10,0,23 24,1,30,,10527,10,0,23 24,1,70,,10528,10,0,23 24,1,30,,10529,10,0,23 24,1,70,,10530,10,0,23 24,1,30,,10531,10,0,23 24,1,70,,10532,10,0,23 24,1,30,,10533,10,0,23 24,1,70,,10534,10,0,23 24,1,30,,10535,10,0,23 24,1,70,,10536,10,0,23 24,1,30,,10537,10,0,23 24,1,70,,10538,10,0,23 24,1,30,,10539,10,0,23 24,1,70,,10540,10,0,23 24,1,30,,10541,10,0,23 24,1,70,,10542,10,0,23 24,1,30,,10543,10,0,23 24,1,70,,10544,10,0,23 24,1,30,,10545,10,0,23 24,1,70,,10546,10,0,23 24,1,30,,10547,10,0,23 24,1,70,,10548,10,0,23 24,1,30,,10549,10,0,23 24,1,70,,10550,10,0,23 24,1,30,,10551,10,0,23 24,1,70,,10552,10,0,23 24,1
201,'3',920,,10553,11,0,23 24,1,30,,10554,10,0,23 24,1,70,,10555,10,0,23 24,1,30,,10556,10,0,23 24,1,70,,10557,10,0,23 24,1,30,,10558,10,0,23 24,1,70,,10559,10,0,23 24,1,30,,10560,10,0,23 24,1,70,,10561,10,0,23 24,1,30,,10562,10,0,23 24,1,70,,10563,10,0,23 24,1,30,,10564,10,0,23 24,1,70,,10565,10,0,23 24,1,30,,10566,10,0,23 24,1,70,,10567,10,0,23 24,1,30,,10568,10,0,23 24,1,70,,10569,10,0,23 24,1,30,,10570,10,0,23 24,1,70,,10571,10,0,23 24,1,30,,10572,10,0,23 24,1
501,'1',730,,11117,15,0,22,1,15,,11118,15,0,22,1,55,,11119,15,0,22,1,15,,11120,15,0,22,1,15,,11121,15,0,22,1,15,,11122,15,0,22,1,55,,11123,15,0,22,1,15,,11124,15,0,22,1,15,,11125,15,0,22,1,15,,11126,15,0,22,1,55,,11127,15,0,22,1,15,,11128,15,0,22,1,15,,11129,15,0,22,1,15,,11130,15,0,22,1,55,,11131,15,0,22,1,15,,11132,15,0,22,1,15,,11133,15,0,22,1,15,,11134,15,0,22,1,55,,11135,15,0,22,1,15,,11136,15,0,22,1,15,,11137,15,0,22,1,15,,11138,15,0,22,1,55,,11139,15,0,22,1,15,,11140,15,0,22,1,15,,11141,15,0,22,1,15,,11142,15,0,22,1,55,,11143,15,0,22,1,15,,11144,15,0,22,1,15,,11145,15,0,22,1,15,,11146,15,0,22,1,55,,11147,15,0,22,1,15,,11148,15,0,22,1,15,,11149,15,0,22,1,15,,11150,15,0,22,1,55,,11151,15,0,22,1,15,,11152,15,0,22,1,15,,11153,15,0,22,1,15,,11154,15,0,22,1,55,,11155,15,0,22,1,15,,11156,15,0,22,1,15,,11157,15,0,22,1,15,,11158,15,0,22,1,55,,11159,15,0,22,1,15,,11160,15,0,22,1,15,,11161,15,0,22,1,15,,11162,15,0,22,1,55,,11163,15,0,22,1,15,,11164,15,0,22,1,15,,11165,15,0,22,1,15,,11166,15,0,22,1,55,,11167,15,0,22,1,15,,11168,15,0,22,1,15,,11169,15,0,22,1,15,,11170,15,0,22,1,55,,11171,15,0,22,1,15,,11172,15,0,22,1,15,,11173,15,0,22,1
501,'2',730,,11183,15,0,22,1,20,,11184,15,0,22,1,60,,11185,15,0,22,1,20,,11186,15,0,22,1,20,,11187,15,0,22,1,60,,11188,15,0,22,1,20,,11189,15,0,22,1,20,,11190,15,0,22,1,60,,11191,15,0,22,1,20,,11192,15,0,22,1,20,,11193,15,0,22,1,60,,11194,15,0,22,1,20,,11195,15,0,22,1,20,,11196,15,0,22,1,60,,11197,15,0,22,1,20,,11198,15,0,22,1,20,,11199,15,0,22,1,60,,11200,15,0,22,1,20,,11201,15,0,22,1,20,,11202,15,0,22,1,60,,11203,15,0,22,1,20,,11204,15,0,22,1,20,,11205,15,0,22,1,60,,11206,15,0,22,1,20,,11207,15,0,22,1,20,,11208,15,0,22,1,60,,11209,15,0,22,1,20,,11210,15,0,22,1,20,,11211,15,0,22,1,60,,11212,15,0,22,1,20,,11213,15,0,22,1,20,,11214,15,0,22,1,60,,11215,15,0,22,1
9900,'1',552,,14602,11,,,1,50,,14603,11,,,1,10,,14604,11,,,1,10,,14605,11,,,1,10,,14606,11,,,1,10,,14607,11,,,1,10,,14608,11,,,1,50,,14609,11,,,1,10,,14610,11,,,1,10,,14611,11,,,1,10,,14612,11,,,1,10,,14613,11,,,1,6,,14711,11,,,1,4,,14614,11,,,1,50,,14615,11,,,1,10,,14616,11,,,1,6,,14712,11,,,1,4,,14617,11,,,1,10,,14618,11,,,1,10,,14619,11,,,1,6,,14713,11,,,1,4,,14620,11,,,1,50,,14621,11,,,1,10,,14622,11,,,1,6,,14714,11,,,1,4,,14623,11,,,1,10,,14624,11,,,1,10,,14625,11,,,1,6,,14715,11,,,1,4,,14626,11,,,1,50,,14627,11,,,1,10,,14628,11,,,1,6,,14716,11,,,1,4,,14629,11,,,1,10,,14630,11,,,1,10,,14631,11,,,1,6,,14717,11,,,1,4,,14632,11,,,1,5,,14718,11,,,1,45,,14633,11,,,1,10,,14634,11,,,1,10,,14635,11,,,1,5,,14719,11,,,1,5,,14636,11,,,1,10,,14637,11,,,1,10,,14638,11,,,1,5,,14720,11,,,1,45,,14639,11,,,1,10,,14640,11,,,1,10,,14641,11,,,1,5,,14721,11,,,1,5,,14642,11,,,1,10,,14643,11,,,1,10,,14644,11,,,1,5,,14722,11,,,1,45,,14645,11,,,1,10,,14646,11,,,1,10,,14647,11,,,1,5,,14723,11,,,1,5,,14648,11,,,1,10,,14649,11,,,1,10,,14650,11,,,1,5,,14724,11,,,1,45,,14651,11,,,1,10,,14652,11,,,1,10,,14653,11,,,1,5,,14725,11,,,1,5,,14654,11,,,1,10,,14655,11,,,1,6,,14726,11,,,1,4,,14656,11,,,1,5,,14727,11,,,1,45,,14657,11,,,1,10,,14658,11,,,1,6,,14728,11,,,1,4,,14660,11,,,1,5,,14729,11,,,1,5,,14661,11,,,1,10,,14662,11,,,1,6,,14730,11,,,1,4,,14663,11,,,1,5,,14731,11,,,1,45,,14664,11,,,1,10,,14665,11,,,1,6,,14732,11,,,1,4,,14666,11,,,1,5,,14733,11,,,1,5,,14667,11,,,1,10,,14668,11,,,1,6,,14734,11,,,1,4,,14669,11,,,1,5,,14735,11,,,1,45,,14670,11,,,1,10,,14671,11,,,1,6,,14736,11,,,1,4,,14672,11,,,1,5,,14737,11,,,1,5,,14673,11,,,1,10,,14674,11,,,1,6,,14738,11,,,1,4,,14675,11,,,1,50,,14676,11,,,1,10,,14677,11,,,1,6,,14739,11,,,1,4,,14678,11,,,1,10,,14679,11,,,1,10,,14680,11,,,1,10,,14681,11,,,1,50,,14682,11,,,1,10,,14683,11,,,1,10,,14684,11,,,1,10,,14685,11,,,1,10,,14686,11,,,1,10,,14687,11,,,1,50,,14688,11,,,1,10,,14689,11,,,1,10,,14690,11,,,1,10,,14691,11,,,1,10,,14692,11,,,1,10,,14693,11,,,1,50,,14694,11,,,1,10,,14695,11,,,1,10,,14696,11,,,1,15,,14697,11,,,1,15,,14698,11,,,1,55,,14699,11,,,1,15,,14700,11,,,1,15,,14701,11,,,1,15,,14702,11,,,1,55,,14703,11,,,1,15,,14704,11,,,1,15,,14705,11,,,1,15,,14706,11,,,1,55,,14707,11,,,1,15,,14708,11,,,1,15,,14709,11,,,1,15,,14710,11,,,1
9900,'2',552,,14830,11,,,1,55,,14827,11,,,1,15,,14828,11,,,1,15,,14825,11,,,1,15,,14826,11,,,1,55,,14823,11,,,1,15,,14824,11,,,1,15,,14821,11,,,1,15,,14822,11,,,1,55,,14819,11,,,1,15,,14820,11,,,1,15,,14817,11,,,1,15,,14818,11,,,1,55,,14815,11,,,1,15,,14816,11,,,1,15,,14813,11,,,1,15,,14814,11,,,1,55,,14811,11,,,1,15,,14812,11,,,1,15,,14809,11,,,1,15,,14810,11,,,1,55,,14807,11,,,1,15,,14808,11,,,1,15,,14805,11,,,1,15,,14806,11,,,1,55,,14803,11,,,1,15,,14804,11,,,1,15,,14801,11,,,1,15,,14802,11,,,1,55,,14799,11,,,1,15,,14800,11,,,1,15,,14797,11,,,1,15,,14798,11,,,1,55,,14796,11,,,1,15,,14794,11,,,1,15,,14793,11,,,1,15,,14795,11,,,1,55,,14832,11,,,1,15,,14792,11,,,1,15,,14790,11,,,1,15,,14791,11,,,1,55,,14788,11,,,1,15,,14789,11,,,1,15,,14786,11,,,1,15,,14787,11,,,1,55,,14784,11,,,1,15,,14785,11,,,1,15,,14782,11,,,1,15,,14783,11,,,1,55,,14780,11,,,1,15,,14781,11,,,1,15,,14778,11,,,1,15,,14779,11,,,1,55,,14777,11,,,1,15,,14775,11,,,1,15,,14774,11,,,1,15,,14776,11,,,1,55,,14772,11,,,1,15,,14773,11,,,1,15,,14770,11,,,1,15,,14771,11,,,1,55,,14768,11,,,1,15,,14769,11,,,1,15,,14766,11,,,1,15,,14767,11,,,1,55,,14765,11,,,1,15,,14764,11,,,1,15,,14762,11,,,1,15,,14763,11,,,1,55,,14760,11,,,1,15,,14761,11,,,1,15,,14759,11,,,1,15,,14756,11,,,1,55,,14758,11,,,1,15,,14757,11,,,1,15,,14755,11,,,1
9900,'3',722,,14836,11,,,1,15,,14837,11,,,1,15,,14838,11,,,1,55,,14839,11,,,1,15,,14840,11,,,1,15,,14841,11,,,1,15,,14842,11,,,1,55,,14843,11,,,1,15,,14844,11,,,1,15,,14845,11,,,1,15,,14846,11,,,1,55,,14847,11,,,1,15,,14848,11,,,1,15,,14849,11,,,1,15,,14850,11,,,1,55,,14851,11,,,1,15,,14852,11,,,1,15,,14853,11,,,1,15,,14854,11,,,1,55,,14855,11,,,1,15,,14856,11,,,1,15,,14857,11,,,1,15,,14858,11,,,1,55,,14859,11,,,1,15,,14860,11,,,1,15,,14861,11,,,1,15,,14862,11,,,1,55,,14863,11,,,1,15,,14864,11,,,1,15,,14865,11,,,1,15,,14866,11,,,1,55,,14867,11,,,1,15,,14868,11,,,1,15,,14869,11,,,1,15,,14870,11,,,1,55,,14871,11,,,1,15,,14872,11,,,1,15,,14873,11,,,1,15,,14874,11,,,1,55,,14875,11,,,1,15,,14876,11,,,1,15,,14877,11,,,1,15,,14878,11,,,1,55,,14879,11,,,1,15,,14880,11,,,1,15,,14881,11,,,1,15,,14882,11,,,1,55,,14883,11,,,1,15,,14884,11,,,1,15,,14885,11,,,1,15,,14886,11,,,1,55,,14887,11,,,1,15,,14888,11,,,1,15,,14889,11,,,1,15,,14890,11,,,1,55,,14891,11,,,1,15,,14892,11,,,1,15,,14893,11,,,1,15,,14894,11,,,1,55,,14895,11,,,1
9900,'7',922,,14916,11,,,1,30,,14915,11,,,1,70,,14914,11,,,1,30,,14913,11,,,1,70,,14912,11,,,1,30,,14911,11,,,1,70,,14910,11,,,1,30,,14909,11,,,1,70,,14908,11,,,1,30,,14907,11,,,1,70,,14906,11,,,1,30,,14905,11,,,1,70,,14904,11,,,1,30,,14903,11,,,1,70,,14902,11,,,1,30,,14901,11,,,1,70,,14900,11,,,1,30,,14899,11,,,1,70,,14898,11,,,1,30,,14897,11,,,1
1119800,'14802',2544,,15357,11,,,1,70,,15358,11,,,1
1119800,'8001',2544,,15360,11,,,1,70,,15359,11,,,1
21005601,'12701',713,,15584,11,0,14 29,1,20,,15585,11,0,14 29,1,20,,15586,11,0,14 29,1,60,,15587,11,0,14 29,1,20,,15588,11,0,14 29,1,20,,15589,11,0,14 29,1,60,,15590,11,0,14 29,1,20,,15591,11,0,14 29,1,20,,15592,11,0,14 29,1,60,,15593,11,0,14 29,1,21,,15594,11,0,14 29,1,20,,15595,11,0,14 29,1,60,,15596,11,0,14 29,1,20,,15597,11,0,14 29,1,20,,15598,11,0,14 29,1,60,,15599,11,0,14 29,1,20,,15600,11,0,14 29,1,20,,15601,11,0,14 29,1,60,,15602,11,0,14 29,1,20,,15603,11,0,14 29,1,20,,15604,11,0,14 29,1,61,,15605,11,0,14 29,1,20,,15606,11,0,14 29,1,20,,15607,11,0,14 29,1,60,,15608,11,0,14 29,1,20,,15609,11,0,14 29,1,20,,15610,11,0,14 29,1,60,,15611,11,0,14 29,1,20,,15612,11,0,14 29,1,20,,15613,11,0,14 29,1,60,,15614,11,0,14 29,1,20,,15615,11,0,14 29,1,20,,15616,11,0,14 29,1,58,,15617,11,0,14 29,1,25,,15618,11,0,14 29,1,70,,15619,11,0,14 29,1,30,,15620,11,0,14 29,1,70,,15621,11,0,14 29,1,30,,15622,11,0,14 29,1,70,,15623,11,0,14 29,1
