100,'1',606,,10189,9,0,24 23,1,30,,10190,9,0,24 23,1,70,,10191,9,0,24 23,1,30,,10192,9,0,24 23,1,70,,10193,9,0,24 23,1,30,,10194,9,0,24 23,1,70,,10195,9,0,24 23,1,30,,10196,9,0,24 23,1,70,,10197,9,0,24 23,1,30,,10198,9,0,24 23,1,70,,10199,9,0,24 23,1,30,,10200,9,0,24 23,1,70,,10201,9,0,24 23,1,30,,10202,9,0,24 23,1,70,,10203,9,0,24 23,1,30,,10204,9,0,24 23,1,70,,10205,9,0,24 23,1,30,,10206,9,0,24 23,1,70,,10207,9,0,24 23,1,30,,10208,9,0,24 23,1,70,,10209,9,0,24 23,1,30,,10210,9,0,24 23,1,70,,10211,9,0,24 23,1,30,,10212,9,0,24 23,1,70,,10213,9,0,24 23,1,30,,10214,9,0,24 23,1,70,,10215,9,0,24 23,1,30,,10216,9,0,24 23,1,70,,10217,9,0,24 23,1,30,,10218,9,0,24 23,1,70,,10219,9,0,24 23,1,30,,10220,9,0,24 23,1,70,,10221,9,0,24 23,1,30,,10222,9,0,24 23,1,70,,10223,9,0,24 23,1,30,,10224,9,0,24 23,1,70,,10225,9,0,24 23,1,30,,10226,9,0,24 23,1
100,'2',606,,10227,9,0,24 23,1,30,,10228,9,0,24 23,1,70,,10229,9,0,24 23,1,30,,10230,9,0,24 23,1,70,,10231,9,0,24 23,1,30,,10232,9,0,24 23,1,70,,10233,9,0,24 23,1,30,,10234,9,0,24 23,1,70,,10235,9,0,24 23,1,30,,10236,9,0,24 23,1,70,,10237,9,0,24 23,1,30,,10238,9,0,24 23,1,70,,10239,9,0,24 23,1,30,,10240,9,0,24 23,1,70,,10241,9,0,24 23,1,30,,10242,9,0,24 23,1,70,,10243,9,0,24 23,1,30,,10244,9,0,24 23,1,70,,10245,9,0,24 23,1,30,,10246,9,0,24 23,1,70,,10247,9,0,24 23,1,30,,10248,9,0,24 23,1,70,,10249,9,0,24 23,1,30,,10250,9,0,24 23,1,70,,10251,9,0,24 23,1,30,,10252,9,0,24 23,1,70,,10253,9,0,24 23,1,30,,10254,9,0,24 23,1,70,,10255,9,0,24 23,1,30,,10256,9,0,24 23,1,70,,10257,9,0,24 23,1,30,,10258,9,0,24 23,1,70,,10259,9,0,24 23,1,30,,10260,9,0,24 23,1,70,,10261,9,0,24 23,1,30,,10262,9,0,24 23,1,70,,10263,9,0,24 23,1,30,,10264,9,0,24 23,1
100,'3',936,,10265,9,0,24 23,1,70,,10266,9,0,24 23,1,30,,10267,9,0,24 23,1,70,,10268,9,0,24 23,1,30,,10269,9,0,24 23,1,70,,10270,9,0,24 23,1,30,,10271,9,0,24 23,1,70,,10272,9,0,24 23,1,30,,10273,9,0,24 23,1,70,,10274,9,0,24 23,1,30,,10275,9,0,24 23,1,70,,10276,9,0,24 23,1,30,,10277,9,0,24 23,1,70,,10278,9,0,24 23,1,30,,10279,9,0,24 23,1,70,,10280,9,0,24 23,1,30,,10281,9,0,24 23,1,70,,10282,9,0,24 23,1,30,,10283,9,0,24 23,1,70,,10284,9,0,24 23,1
9901,'1',555,,14917,9,,,1,50,,14918,17,,,1,10,,14919,17,,,1,10,,14920,29,,,1,10,,14921,29,,,1,10,,14922,29,,,1,10,,14923,29,,,1,50,,14924,29,,,1,10,,14925,29,,,1,10,,14926,29,,,1,6,,15029,9,,,1,4,,14927,29,,,1,10,,14928,29,,,1,10,,14929,29,,,1,46,,15030,9,,,1,4,,14930,29,,,1,10,,14931,29,,,1,10,,14932,29,,,1,6,,15031,9,,,1,4,,14933,29,,,1,10,,14934,29,,,1,10,,14935,29,,,1,46,,15032,9,,,1,4,,14936,29,,,1,10,,14937,29,,,1,10,,14938,29,,,1,6,,15033,9,,,1,4,,14939,29,,,1,10,,14940,29,,,1,10,,14941,29,,,1,46,,15034,9,,,1,4,,14942,29,,,1,10,,14943,29,,,1,10,,14944,29,,,1,6,,15035,9,,,1,4,,14945,29,,,1,5,,15036,9,,,1,5,,14946,29,,,1,10,,14947,29,,,1,50,,14948,29,,,1,5,,15037,9,,,1,5,,14949,29,,,1,10,,14950,29,,,1,10,,14951,29,,,1,5,,15038,9,,,1,5,,14952,29,,,1,10,,14953,29,,,1,50,,14954,29,,,1,5,,15039,9,,,1,5,,14955,29,,,1,10,,14956,29,,,1,10,,14957,29,,,1,5,,15040,9,,,1,5,,14958,29,,,1,10,,14959,29,,,1,50,,14960,29,,,1,5,,15041,9,,,1,5,,14961,29,,,1,10,,14962,29,,,1,10,,14963,29,,,1,5,,15042,9,,,1,5,,14964,29,,,1,10,,14965,29,,,1,50,,14966,29,,,1,5,,15043,9,,,1,5,,14967,29,,,1,10,,14968,29,,,1,6,,15044,9,,,1,4,,14969,29,,,1,5,,15045,9,,,1,5,,14970,29,,,1,10,,14971,29,,,1,46,,15046,9,,,1,4,,14972,29,,,1,5,,15047,9,,,1,5,,14973,29,,,1,10,,14974,29,,,1,6,,15048,9,,,1,4,,14975,29,,,1,5,,15049,9,,,1,5,,14976,29,,,1,10,,14977,29,,,1,46,,15050,9,,,1,4,,14978,29,,,1,5,,15051,9,,,1,5,,14979,29,,,1,10,,14980,29,,,1,6,,15052,9,,,1,4,,14981,29,,,1,5,,15053,9,,,1,5,,14982,29,,,1,10,,14983,29,,,1,46,,15054,9,,,1,4,,14984,29,,,1,5,,15055,9,,,1,5,,14985,29,,,1,10,,14986,29,,,1,6,,15056,9,,,1,4,,14987,29,,,1,10,,14988,29,,,1,10,,14989,29,,,1,46,,15057,9,,,1,4,,14990,29,,,1,10,,14991,29,,,1,10,,14992,29,,,1,10,,14993,29,,,1,10,,14994,29,,,1,10,,14995,29,,,1,50,,14996,29,,,1,10,,14997,29,,,1,10,,14998,29,,,1,10,,14999,29,,,1,10,,15000,29,,,1,10,,15001,29,,,1,50,,15002,29,,,1,10,,15003,29,,,1,10,,15004,29,,,1,10,,15005,29,,,1,10,,15006,29,,,1,10,,15007,29,,,1,50,,15008,29,,,1,10,,15009,29,,,1,10,,15010,29,,,1,10,,15011,29,,,1,10,,15012,29,,,1,10,,15013,29,,,1,50,,15014,29,,,1,10,,15015,29,,,1,10,,15016,29,,,1,10,,15017,29,,,1,15,,15019,17,,,1,55,,15020,29,,,1,15,,15021,17,,,1,15,,15022,29,,,1,15,,15023,17,,,1,55,,15024,29,,,1,15,,15025,17,,,1,15,,15026,29,,,1
9901,'2',550,,15149,9,,,1,55,,15148,17,,,1,15,,15146,17,,,1,15,,15147,29,,,1,15,,15144,17,,,1,55,,15145,29,,,1,15,,15142,17,,,1,15,,15143,29,,,1,15,,15140,17,,,1,55,,15141,29,,,1,15,,15138,17,,,1,15,,15139,29,,,1,15,,15136,17,,,1,55,,15137,29,,,1,15,,15134,17,,,1,15,,15135,29,,,1,15,,15132,17,,,1,55,,15133,29,,,1,15,,15130,17,,,1,15,,15131,29,,,1,15,,15128,17,,,1,55,,15129,29,,,1,15,,15126,17,,,1,15,,15127,29,,,1,15,,15124,17,,,1,55,,15125,29,,,1,15,,15122,17,,,1,15,,15123,29,,,1,15,,15120,17,,,1,55,,15121,29,,,1,15,,15118,17,,,1,15,,15119,29,,,1,15,,15116,17,,,1,55,,15117,29,,,1,15,,15114,17,,,1,15,,15115,29,,,1,15,,15150,17,,,1,55,,15113,29,,,1,15,,15111,17,,,1,15,,15151,9,,,1,15,,15109,17,,,1,55,,15110,29,,,1,15,,15107,17,,,1,15,,15108,29,,,1,15,,15105,17,,,1,55,,15106,29,,,1,15,,15103,17,,,1,15,,15104,29,,,1,15,,15101,17,,,1,55,,15102,29,,,1,15,,15099,17,,,1,15,,15100,29,,,1,15,,15097,17,,,1,55,,15098,29,,,1,15,,15095,17,,,1,15,,15096,29,,,1,15,,15093,17,,,1,55,,15094,29,,,1,15,,15091,17,,,1,15,,15092,29,,,1,15,,15089,17,,,1,55,,15090,29,,,1,15,,15087,17,,,1,15,,15088,29,,,1,15,,15085,17,,,1,55,,15086,29,,,1,15,,15083,17,,,1,15,,15084,29,,,1,15,,15081,17,,,1,55,,15082,29,,,1,15,,15079,17,,,1,15,,15080,29,,,1,15,,15077,17,,,1,55,,15078,29,,,1,15,,15075,17,,,1,15,,15076,29,,,1
9901,'3',735,,15152,17,,,1,15,,15153,17,,,1,55,,15154,29,,,1,15,,15155,17,,,1,15,,15156,29,,,1,15,,15157,17,,,1,55,,15158,29,,,1,15,,15159,17,,,1,15,,15160,29,,,1,15,,15161,17,,,1,55,,15162,29,,,1,15,,15163,17,,,1,15,,15164,29,,,1,15,,15165,17,,,1,55,,15166,29,,,1,15,,15167,17,,,1,15,,15168,29,,,1,15,,15169,17,,,1,55,,15170,29,,,1,15,,15171,17,,,1,15,,15172,29,,,1,15,,15173,17,,,1,55,,15174,29,,,1,15,,15175,17,,,1,15,,15176,29,,,1,15,,15177,17,,,1,55,,15178,29,,,1,15,,15179,17,,,1,15,,15180,29,,,1,15,,15181,17,,,1,55,,15182,29,,,1,15,,15183,17,,,1,15,,15184,29,,,1,15,,15185,17,,,1,55,,15186,29,,,1,15,,15187,17,,,1,15,,15188,29,,,1,15,,15189,17,,,1,55,,15190,29,,,1,15,,15191,17,,,1,15,,15192,29,,,1,15,,15193,17,,,1,55,,15194,29,,,1,15,,15195,17,,,1,15,,15196,29,,,1,15,,15197,17,,,1,55,,15198,29,,,1,15,,15199,17,,,1,15,,15200,29,,,1,15,,15201,17,,,1,55,,15202,29,,,1,15,,15203,17,,,1,15,,15204,29,,,1,15,,15205,17,,,1,55,,15206,29,,,1,15,,15207,17,,,1,15,,15208,29,,,1,15,,15209,17,,,1,55,,15210,29,,,1,15,,15211,17,,,1,15,,15212,29,,,1
9901,'7',935,,15214,17,,,1,70,,15215,29,,,1,30,,15216,29,,,1,70,,15217,29,,,1,30,,15218,29,,,1,70,,15219,29,,,1,30,,15220,29,,,1,70,,15221,29,,,1,30,,15222,29,,,1,70,,15223,29,,,1,30,,15224,29,,,1,70,,15225,29,,,1,30,,15226,29,,,1,70,,15227,29,,,1,30,,15228,29,,,1,70,,15229,29,,,1,30,,15230,29,,,1,70,,15231,29,,,1,30,,15232,29,,,1,70,,15233,29,,,1
1000800,'3403',1821,,15333,9,,,1,35,,15334,9,,,1,75,,15335,9,,,1,75,,15336,9,,,1,35,,15337,9,,,1,75,,15338,9,,,1,35,,15339,9,,,1,75,,15340,9,,,1,75,,15341,9,,,1,35,,15342,9,,,1,75,,15343,9,,,1,35,,15344,9,,,1
1119801,'14802',2530,,15361,17,,,1,70,,15362,17,,,1,30,,15363,17,,,1,70,,15364,17,,,1
1119801,'8001',2530,,15365,17,,,1,70,,15366,17,,,1,30,,15367,17,,,1,70,,15368,17,,,1
21005600,'12701',716,,15569,8,0,14 29,1,20,,15570,8,0,14 29,1,20,,15571,8,0,14 29,1,60,,15572,8,0,14 29,1,20,,15573,8,0,14 29,1,20,,15574,8,0,14 29,1,60,,15575,8,0,14 29,1,20,,15568,8,0,14 29,1,20,,15545,8,0,14 29,1,60,,15567,8,0,14 29,1,20,,15566,8,0,14 29,1,20,,15565,8,0,14 29,1,60,,15564,8,0,14 29,1,20,,15563,8,0,14 29,1,20,,15562,8,0,14 29,1,60,,15561,8,0,14 29,1,20,,15560,8,0,14 29,1,20,,15559,8,0,14 29,1,60,,15558,8,0,14 29,1,20,,15557,8,0,14 29,1,21,,15556,8,0,14 29,1,60,,15555,8,0,14 29,1,20,,15554,8,0,14 29,1,20,,15553,8,0,14 29,1,60,,15552,8,0,14 29,1,20,,15551,8,0,14 29,1,20,,15550,8,0,14 29,1,60,,15549,8,0,14 29,1,20,,15548,8,0,14 29,1,20,,15547,8,0,14 29,1,60,,15546,8,0,14 29,1,20,,15576,8,0,14 29,1,19,,15577,8,0,14 29,1,65,,15578,8,0,14 29,1,30,,15579,8,0,14 29,1,70,,15580,8,0,14 29,1,30,,15581,8,0,14 29,1,70,,15582,8,0,14 29,1,30,,15583,8,0,14 29,1
