101,'1',543,,10285,4,0,24 23,1,70,,10286,3,0,24 23,1,30,,10287,3,0,24 23,1,70,,10288,3,0,24 23,1,30,,10289,3,0,24 23,1,70,,10290,3,0,24 23,1,30,,10291,3,0,24 23,1,70,,10292,3,0,24 23,1,30,,10293,3,0,24 23,1,70,,10294,3,0,24 23,1,30,,10295,3,0,24 23,1,70,,10296,3,0,24 23,1,30,,10297,3,0,24 23,1,70,,10298,3,0,24 23,1,30,,10299,3,0,24 23,1,70,,10300,3,0,24 23,1,30,,10301,3,0,24 23,1,70,,10302,3,0,24 23,1,30,,10303,3,0,24 23,1,70,,10304,3,0,24 23,1,30,,10305,3,0,24 23,1,70,,10306,3,0,24 23,1,30,,10307,3,0,24 23,1,70,,10308,3,0,24 23,1,30,,10309,3,0,24 23,1,70,,10310,3,0,24 23,1,30,,10311,3,0,24 23,1,70,,10312,3,0,24 23,1,30,,10313,3,0,24 23,1,70,,10314,3,0,24 23,1,30,,10315,3,0,24 23,1,70,,10316,3,0,24 23,1,30,,10317,3,0,24 23,1,70,,10318,3,0,24 23,1,30,,10319,3,0,24 23,1,70,,10320,3,0,24 23,1,30,,10321,3,0,24 23,1,70,,10322,3,0,24 23,1
101,'2',543,,10323,4,0,24 23,1,70,,10324,3,0,24 23,1,30,,10325,3,0,24 23,1,70,,10326,3,0,24 23,1,30,,10327,3,0,24 23,1,70,,10328,3,0,24 23,1,30,,10329,3,0,24 23,1,70,,10330,3,0,24 23,1,30,,10331,3,0,24 23,1,70,,10332,3,0,24 23,1,30,,10333,3,0,24 23,1,70,,10334,3,0,24 23,1,30,,10335,3,0,24 23,1,70,,10336,3,0,24 23,1,30,,10337,3,0,24 23,1,70,,10338,3,0,24 23,1,30,,10339,3,0,24 23,1,70,,10340,3,0,24 23,1,30,,10341,3,0,24 23,1,70,,10342,3,0,24 23,1,30,,10343,3,0,24 23,1,70,,10344,3,0,24 23,1,30,,10345,3,0,24 23,1,70,,10346,3,0,24 23,1,30,,10347,3,0,24 23,1,70,,10348,3,0,24 23,1,30,,10349,3,0,24 23,1,70,,10350,3,0,24 23,1,30,,10351,3,0,24 23,1,70,,10352,3,0,24 23,1,30,,10353,3,0,24 23,1,70,,10354,3,0,24 23,1,30,,10355,3,0,24 23,1,70,,10356,3,0,24 23,1,30,,10357,3,0,24 23,1,70,,10358,3,0,24 23,1,30,,10359,3,0,24 23,1,70,,10360,3,0,24 23,1
101,'3',913,,10361,4,0,24 23,1,30,,10362,3,0,24 23,1,70,,10363,3,0,24 23,1,30,,10364,3,0,24 23,1,70,,10365,3,0,24 23,1,30,,10366,3,0,24 23,1,70,,10367,3,0,24 23,1,30,,10368,3,0,24 23,1,70,,10369,3,0,24 23,1,30,,10370,3,0,24 23,1,70,,10371,3,0,24 23,1,30,,10372,3,0,24 23,1,70,,10373,3,0,24 23,1,30,,10374,3,0,24 23,1,70,,10375,3,0,24 23,1,30,,10376,3,0,24 23,1,70,,10377,3,0,24 23,1,30,,10378,3,0,24 23,1,70,,10379,3,0,24 23,1,30,,10380,3,0,24 23,1
1500,'1',604,,13126,6,0,23,1,30,,13127,6,0,23,1,70,,13128,6,0,23,1,30,,13129,6,0,23,1,70,,13130,6,0,23,1,30,,13131,6,0,23,1,70,,13132,6,0,23,1,30,,13133,6,0,23,1,70,,13134,6,0,23,1,30,,13135,6,0,23,1,70,,13136,6,0,23,1,30,,13137,6,0,23,1,70,,13138,6,0,23,1,30,,13139,6,0,23,1,70,,13140,6,0,23,1,30,,13141,6,0,23,1,70,,13142,6,0,23,1,30,,13143,6,0,23,1,70,,13144,6,0,23,1,30,,13145,6,0,23,1,70,,13146,6,0,23,1,30,,13147,6,0,23,1,70,,13148,6,0,23,1,30,,13149,6,0,23,1,70,,13150,6,0,23,1,30,,13151,6,0,23,1,70,,13152,6,0,23,1,30,,13153,6,0,23,1,70,,13154,6,0,23,1,30,,13155,6,0,23,1,70,,13156,6,0,23,1,30,,13157,6,0,23,1,70,,13158,6,0,23,1,30,,13159,6,0,23,1,70,,13160,6,0,23,1,30,,13161,6,0,23,1,70,,13162,6,0,23,1,30,,13163,6,0,23,1
1500,'2',604,,13164,6,0,23,1,30,,13165,6,0,23,1,70,,13166,6,0,23,1,30,,13167,6,0,23,1,70,,13168,6,0,23,1,30,,13169,6,0,23,1,70,,13170,6,0,23,1,30,,13171,6,0,23,1,70,,13172,6,0,23,1,30,,13173,6,0,23,1,70,,13174,6,0,23,1,30,,13175,6,0,23,1,70,,13176,6,0,23,1,30,,13177,6,0,23,1,70,,13178,6,0,23,1,30,,13179,6,0,23,1,70,,13180,6,0,23,1,30,,13181,6,0,23,1,70,,13182,6,0,23,1,30,,13183,6,0,23,1,70,,13184,6,0,23,1,30,,13185,6,0,23,1,70,,13186,6,0,23,1,30,,13187,6,0,23,1,70,,13188,6,0,23,1,30,,13189,6,0,23,1,70,,13190,6,0,23,1,30,,13191,6,0,23,1,70,,13192,6,0,23,1,30,,13193,6,0,23,1,70,,13194,6,0,23,1,30,,13195,6,0,23,1,70,,13196,6,0,23,1,30,,13197,6,0,23,1,70,,13198,6,0,23,1,30,,13199,6,0,23,1,70,,13200,6,0,23,1,30,,13201,6,0,23,1
1500,'3',934,,13202,6,0,23,1,70,,13203,6,0,23,1,30,,13204,6,0,23,1,70,,13205,6,0,23,1,30,,13206,6,0,23,1,70,,13207,6,0,23,1,30,,13208,6,0,23,1,70,,13209,6,0,23,1,30,,13210,6,0,23,1,70,,13211,6,0,23,1,30,,13212,6,0,23,1,70,,13213,6,0,23,1,30,,13214,6,0,23,1,70,,13215,6,0,23,1,30,,13216,6,0,23,1,70,,13217,6,0,23,1,30,,13218,6,0,23,1,70,,13219,6,0,23,1,30,,13220,6,0,23,1,70,,13221,6,0,23,1
1700,'1',554,,13515,6,0,25 26,1,70,,13516,6,0,25 26,1,30,,13517,6,0,25 26,1,65,,13513,6,0,25 26,1,5,,13518,6,0,25 26,1,30,,13519,6,0,25 26,1,70,,13520,6,0,25 26,1,30,,13521,6,0,25 26,1,70,,13522,6,0,25 26,1,30,,13523,6,0,25 26,1,70,,13524,6,0,25 26,1,30,,13525,6,0,25 26,1,72,,13526,6,0,25 26,1,30,,13527,6,0,25 26,1,70,,13528,6,0,25 26,1,30,,13529,6,0,25 26,1,70,,13530,6,0,25 26,1,31,,13531,6,0,25 26,1,70,,13532,6,0,25 26,1,30,,13533,6,0,25 26,1,70,,13534,6,0,25 26,1,28,,13535,6,0,25 26,1,70,,13536,6,0,25 26,1,30,,13537,6,0,25 26,1,70,,13538,6,0,25 26,1,30,,13539,6,0,25 26,1,70,,13540,6,0,25 26,1,29,,13541,6,0,25 26,1,70,,13542,6,0,25 26,1,30,,13543,6,0,25 26,1,70,,13544,6,0,25 26,1,30,,13545,6,0,25 26,1,70,,13546,6,0,25 26,1,30,,13547,6,0,25 26,1,70,,13548,6,0,25 26,1,30,,13549,6,0,25 26,1,70,,13550,6,0,25 26,1,30,,13551,6,0,25 26,1,70,,13552,6,0,25 26,1
1700,'2',554,,13590,6,0,25 26,1,70,,13589,6,0,25 26,1,30,,13588,6,0,25 26,1,72,,13587,6,0,25 26,1,30,,13586,6,0,25 26,1,70,,13585,6,0,25 26,1,30,,13584,6,0,25 26,1,70,,13583,6,0,25 26,1,30,,13582,6,0,25 26,1,70,,13581,6,0,25 26,1,30,,13580,6,0,25 26,1,70,,13579,6,0,25 26,1,30,,13578,6,0,25 26,1,70,,13577,6,0,25 26,1,30,,13576,6,0,25 26,1,70,,13575,6,0,25 26,1,31,,13574,6,0,25 26,1,70,,13573,6,0,25 26,1,30,,13572,6,0,25 26,1,70,,13571,6,0,25 26,1,30,,13570,6,0,25 26,1,70,,13569,6,0,25 26,1,31,,13568,6,0,25 26,1,70,,13567,6,0,25 26,1,30,,13566,6,0,25 26,1,70,,13565,6,0,25 26,1,29,,13564,6,0,25 26,1,70,,13563,6,0,25 26,1,30,,13562,6,0,25 26,1,70,,13561,6,0,25 26,1,30,,13560,6,0,25 26,1,70,,13559,6,0,25 26,1,30,,13558,6,0,25 26,1,70,,13557,6,0,25 26,1,27,,13556,6,0,25 26,1,70,,13555,6,0,25 26,1,30,,13554,6,0,25 26,1,70,,13553,6,0,25 26,1
1700,'3',955,,13593,6,0,25 26,1,70,,13594,6,0,25 26,1,30,,13595,6,0,25 26,1,70,,13596,6,0,25 26,1,30,,13597,6,0,25 26,1,71,,13598,6,0,25 26,1,30,,13599,6,0,25 26,1,70,,13600,6,0,25 26,1,30,,13601,6,0,25 26,1,70,,13602,6,0,25 26,1,30,,13603,6,0,25 26,1,70,,13604,6,0,25 26,1,30,,13605,6,0,25 26,1,69,,13606,6,0,25 26,1,30,,13607,6,0,25 26,1,70,,13608,6,0,25 26,1,30,,13609,6,0,25 26,1,70,,13610,6,0,25 26,1,30,,13611,6,0,25 26,1
1000400,'14802',2513,,15234,13,0,33 9 15,1,20,,15235,14,0,33 9 15,1,20,,15236,14,0,33 9 15,1,60,,15237,14,0,33 9 15,1,20,,15238,14,0,33 9 15,1
1000400,'7901',2533,,15239,14,0,33 9 15,1,80,,15240,14,0,33 9 15,1
1000400,'8001',2513,,15241,13,0,33 9 15,1,40,,15242,14,0,33 9 15,1,80,,15243,14,0,33 9 15,1
