201,'1',549,,10477,10,0,23 24,1,70,,10478,9,0,23 24,1,30,,10479,9,0,23 24,1,70,,10480,9,0,23 24,1,30,,10481,9,0,23 24,1,70,,10482,9,0,23 24,1,30,,10483,9,0,23 24,1,70,,10484,9,0,23 24,1,30,,10485,9,0,23 24,1,70,,10486,9,0,23 24,1,30,,10487,9,0,23 24,1,70,,10488,9,0,23 24,1,30,,10489,9,0,23 24,1,70,,10490,9,0,23 24,1,30,,10491,9,0,23 24,1,70,,10492,9,0,23 24,1,30,,10493,9,0,23 24,1,70,,10494,9,0,23 24,1,30,,10495,9,0,23 24,1,70,,10496,9,0,23 24,1,30,,10497,9,0,23 24,1,70,,10498,9,0,23 24,1,30,,10499,9,0,23 24,1,70,,10500,9,0,23 24,1,30,,10501,9,0,23 24,1,70,,10502,9,0,23 24,1,30,,10503,9,0,23 24,1,70,,10504,9,0,23 24,1,30,,10505,9,0,23 24,1,70,,10506,9,0,23 24,1,30,,10507,9,0,23 24,1,70,,10508,9,0,23 24,1,30,,10509,9,0,23 24,1,70,,10510,9,0,23 24,1,30,,10511,9,0,23 24,1,70,,10512,9,0,23 24,1,30,,10513,9,0,23 24,1,70,,10514,9,0,23 24,1
201,'2',549,,10515,10,0,23 24,1,70,,10516,9,0,23 24,1,30,,10517,9,0,23 24,1,70,,10518,9,0,23 24,1,30,,10519,9,0,23 24,1,70,,10520,9,0,23 24,1,30,,10521,9,0,23 24,1,70,,10522,9,0,23 24,1,30,,10523,9,0,23 24,1,70,,10524,9,0,23 24,1,30,,10525,9,0,23 24,1,70,,10526,9,0,23 24,1,30,,10527,9,0,23 24,1,70,,10528,9,0,23 24,1,30,,10529,9,0,23 24,1,70,,10530,9,0,23 24,1,30,,10531,9,0,23 24,1,70,,10532,9,0,23 24,1,30,,10533,9,0,23 24,1,70,,10534,9,0,23 24,1,30,,10535,9,0,23 24,1,70,,10536,9,0,23 24,1,30,,10537,9,0,23 24,1,70,,10538,9,0,23 24,1,30,,10539,9,0,23 24,1,70,,10540,9,0,23 24,1,30,,10541,9,0,23 24,1,70,,10542,9,0,23 24,1,30,,10543,9,0,23 24,1,70,,10544,9,0,23 24,1,30,,10545,9,0,23 24,1,70,,10546,9,0,23 24,1,30,,10547,9,0,23 24,1,70,,10548,9,0,23 24,1,30,,10549,9,0,23 24,1,70,,10550,9,0,23 24,1,30,,10551,9,0,23 24,1,70,,10552,9,0,23 24,1
201,'3',919,,10553,10,0,23 24,1,30,,10554,9,0,23 24,1,70,,10555,9,0,23 24,1,30,,10556,9,0,23 24,1,70,,10557,9,0,23 24,1,30,,10558,9,0,23 24,1,70,,10559,9,0,23 24,1,30,,10560,9,0,23 24,1,70,,10561,9,0,23 24,1,30,,10562,9,0,23 24,1,70,,10563,9,0,23 24,1,30,,10564,9,0,23 24,1,70,,10565,9,0,23 24,1,30,,10566,9,0,23 24,1,70,,10567,9,0,23 24,1,30,,10568,9,0,23 24,1,70,,10569,9,0,23 24,1,30,,10570,9,0,23 24,1,70,,10571,9,0,23 24,1,30,,10572,9,0,23 24,1
501,'1',729,,11117,14,0,22,1,15,,11118,14,0,22,1,15,,11119,14,0,22,1,55,,11120,14,0,22,1,15,,11121,14,0,22,1,15,,11122,14,0,22,1,15,,11123,14,0,22,1,55,,11124,14,0,22,1,15,,11125,14,0,22,1,15,,11126,14,0,22,1,15,,11127,14,0,22,1,55,,11128,14,0,22,1,15,,11129,14,0,22,1,15,,11130,14,0,22,1,15,,11131,14,0,22,1,55,,11132,14,0,22,1,15,,11133,14,0,22,1,15,,11134,14,0,22,1,15,,11135,14,0,22,1,55,,11136,14,0,22,1,15,,11137,14,0,22,1,15,,11138,14,0,22,1,15,,11139,14,0,22,1,55,,11140,14,0,22,1,15,,11141,14,0,22,1,15,,11142,14,0,22,1,15,,11143,14,0,22,1,55,,11144,14,0,22,1,15,,11145,14,0,22,1,15,,11146,14,0,22,1,15,,11147,14,0,22,1,55,,11148,14,0,22,1,15,,11149,14,0,22,1,15,,11150,14,0,22,1,15,,11151,14,0,22,1,55,,11152,14,0,22,1,15,,11153,14,0,22,1,15,,11154,14,0,22,1,15,,11155,14,0,22,1,55,,11156,14,0,22,1,15,,11157,14,0,22,1,15,,11158,14,0,22,1,15,,11159,14,0,22,1,55,,11160,14,0,22,1,15,,11161,14,0,22,1,15,,11162,14,0,22,1,15,,11163,14,0,22,1,55,,11164,14,0,22,1,15,,11165,14,0,22,1,15,,11166,14,0,22,1,15,,11167,14,0,22,1,55,,11168,14,0,22,1,15,,11169,14,0,22,1,15,,11170,14,0,22,1,15,,11171,14,0,22,1,55,,11172,14,0,22,1,15,,11173,14,0,22,1
501,'2',729,,11183,14,0,22,1,20,,11184,14,0,22,1,60,,11185,14,0,22,1,20,,11186,14,0,22,1,20,,11187,14,0,22,1,60,,11188,14,0,22,1,20,,11189,14,0,22,1,20,,11190,14,0,22,1,60,,11191,14,0,22,1,20,,11192,14,0,22,1,20,,11193,14,0,22,1,60,,11194,14,0,22,1,20,,11195,14,0,22,1,20,,11196,14,0,22,1,60,,11197,14,0,22,1,20,,11198,14,0,22,1,20,,11199,14,0,22,1,60,,11200,14,0,22,1,20,,11201,14,0,22,1,20,,11202,14,0,22,1,60,,11203,14,0,22,1,20,,11204,14,0,22,1,20,,11205,14,0,22,1,60,,11206,14,0,22,1,20,,11207,14,0,22,1,20,,11208,14,0,22,1,60,,11209,14,0,22,1,20,,11210,14,0,22,1,20,,11211,14,0,22,1,60,,11212,14,0,22,1,20,,11213,14,0,22,1,20,,11214,14,0,22,1,60,,11215,14,0,22,1
9900,'1',551,,14602,10,,,1,50,,14603,10,,,1,10,,14604,10,,,1,10,,14605,10,,,1,10,,14606,10,,,1,10,,14607,10,,,1,10,,14608,10,,,1,50,,14609,10,,,1,10,,14610,10,,,1,10,,14611,10,,,1,10,,14612,10,,,1,10,,14613,10,,,1,6,,14711,10,,,1,4,,14614,10,,,1,50,,14615,10,,,1,10,,14616,10,,,1,6,,14712,10,,,1,4,,14617,10,,,1,10,,14618,10,,,1,10,,14619,10,,,1,6,,14713,10,,,1,4,,14620,10,,,1,50,,14621,10,,,1,10,,14622,10,,,1,6,,14714,10,,,1,4,,14623,10,,,1,10,,14624,10,,,1,10,,14625,10,,,1,6,,14715,10,,,1,4,,14626,10,,,1,50,,14627,10,,,1,10,,14628,10,,,1,6,,14716,10,,,1,4,,14629,10,,,1,10,,14630,10,,,1,10,,14631,10,,,1,6,,14717,10,,,1,4,,14632,10,,,1,5,,14718,10,,,1,45,,14633,10,,,1,10,,14634,10,,,1,10,,14635,10,,,1,5,,14719,10,,,1,5,,14636,10,,,1,10,,14637,10,,,1,10,,14638,10,,,1,5,,14720,10,,,1,45,,14639,10,,,1,10,,14640,10,,,1,10,,14641,10,,,1,5,,14721,10,,,1,5,,14642,10,,,1,10,,14643,10,,,1,10,,14644,10,,,1,5,,14722,10,,,1,45,,14645,10,,,1,10,,14646,10,,,1,10,,14647,10,,,1,5,,14723,10,,,1,5,,14648,10,,,1,10,,14649,10,,,1,10,,14650,10,,,1,5,,14724,10,,,1,45,,14651,10,,,1,10,,14652,10,,,1,10,,14653,10,,,1,5,,14725,10,,,1,5,,14654,10,,,1,10,,14655,10,,,1,6,,14726,10,,,1,4,,14656,10,,,1,5,,14727,10,,,1,45,,14657,10,,,1,10,,14658,10,,,1,6,,14728,10,,,1,4,,14660,10,,,1,5,,14729,10,,,1,5,,14661,10,,,1,10,,14662,10,,,1,6,,14730,10,,,1,4,,14663,10,,,1,5,,14731,10,,,1,45,,14664,10,,,1,10,,14665,10,,,1,6,,14732,10,,,1,4,,14666,10,,,1,5,,14733,10,,,1,5,,14667,10,,,1,10,,14668,10,,,1,6,,14734,10,,,1,4,,14669,10,,,1,5,,14735,10,,,1,45,,14670,10,,,1,10,,14671,10,,,1,6,,14736,10,,,1,4,,14672,10,,,1,5,,14737,10,,,1,5,,14673,10,,,1,10,,14674,10,,,1,6,,14738,10,,,1,4,,14675,10,,,1,50,,14676,10,,,1,10,,14677,10,,,1,6,,14739,10,,,1,4,,14678,10,,,1,10,,14679,10,,,1,10,,14680,10,,,1,10,,14681,10,,,1,50,,14682,10,,,1,10,,14683,10,,,1,10,,14684,10,,,1,10,,14685,10,,,1,10,,14686,10,,,1,10,,14687,10,,,1,50,,14688,10,,,1,10,,14689,10,,,1,10,,14690,10,,,1,10,,14691,10,,,1,10,,14692,10,,,1,10,,14693,10,,,1,50,,14694,10,,,1,10,,14695,10,,,1,10,,14696,10,,,1,15,,14697,10,,,1,15,,14698,10,,,1,55,,14699,10,,,1,15,,14700,10,,,1,15,,14701,10,,,1,15,,14702,10,,,1,55,,14703,10,,,1,15,,14704,10,,,1,15,,14705,10,,,1,15,,14706,10,,,1,55,,14707,10,,,1,15,,14708,10,,,1,15,,14709,10,,,1,15,,14710,10,,,1
9900,'2',551,,14830,10,,,1,55,,14827,10,,,1,15,,14828,10,,,1,15,,14825,10,,,1,15,,14826,10,,,1,55,,14823,10,,,1,15,,14824,10,,,1,15,,14821,10,,,1,15,,14822,10,,,1,55,,14819,10,,,1,15,,14820,10,,,1,15,,14817,10,,,1,15,,14818,10,,,1,55,,14815,10,,,1,15,,14816,10,,,1,15,,14813,10,,,1,15,,14814,10,,,1,55,,14811,10,,,1,15,,14812,10,,,1,15,,14809,10,,,1,15,,14810,10,,,1,55,,14807,10,,,1,15,,14808,10,,,1,15,,14805,10,,,1,15,,14806,10,,,1,55,,14803,10,,,1,15,,14804,10,,,1,15,,14801,10,,,1,15,,14802,10,,,1,55,,14799,10,,,1,15,,14800,10,,,1,15,,14797,10,,,1,15,,14798,10,,,1,55,,14796,10,,,1,15,,14794,10,,,1,15,,14793,10,,,1,15,,14795,10,,,1,55,,14832,10,,,1,15,,14792,10,,,1,15,,14790,10,,,1,15,,14791,10,,,1,55,,14788,10,,,1,15,,14789,10,,,1,15,,14786,10,,,1,15,,14787,10,,,1,55,,14784,10,,,1,15,,14785,10,,,1,15,,14782,10,,,1,15,,14783,10,,,1,55,,14780,10,,,1,15,,14781,10,,,1,15,,14778,10,,,1,15,,14779,10,,,1,55,,14777,10,,,1,15,,14775,10,,,1,15,,14774,10,,,1,15,,14776,10,,,1,55,,14772,10,,,1,15,,14773,10,,,1,15,,14770,10,,,1,15,,14771,10,,,1,55,,14768,10,,,1,15,,14769,10,,,1,15,,14766,10,,,1,15,,14767,10,,,1,55,,14765,10,,,1,15,,14764,10,,,1,15,,14762,10,,,1,15,,14763,10,,,1,55,,14760,10,,,1,15,,14761,10,,,1,15,,14759,10,,,1,15,,14756,10,,,1,55,,14758,10,,,1,15,,14757,10,,,1,15,,14755,10,,,1
9900,'3',721,,14836,10,,,1,15,,14837,10,,,1,15,,14838,10,,,1,55,,14839,10,,,1,15,,14840,10,,,1,15,,14841,10,,,1,15,,14842,10,,,1,55,,14843,10,,,1,15,,14844,10,,,1,15,,14845,10,,,1,15,,14846,10,,,1,55,,14847,10,,,1,15,,14848,10,,,1,15,,14849,10,,,1,15,,14850,10,,,1,55,,14851,10,,,1,15,,14852,10,,,1,15,,14853,10,,,1,15,,14854,10,,,1,55,,14855,10,,,1,15,,14856,10,,,1,15,,14857,10,,,1,15,,14858,10,,,1,55,,14859,10,,,1,15,,14860,10,,,1,15,,14861,10,,,1,15,,14862,10,,,1,55,,14863,10,,,1,15,,14864,10,,,1,15,,14865,10,,,1,15,,14866,10,,,1,55,,14867,10,,,1,15,,14868,10,,,1,15,,14869,10,,,1,15,,14870,10,,,1,55,,14871,10,,,1,15,,14872,10,,,1,15,,14873,10,,,1,15,,14874,10,,,1,55,,14875,10,,,1,15,,14876,10,,,1,15,,14877,10,,,1,15,,14878,10,,,1,55,,14879,10,,,1,15,,14880,10,,,1,15,,14881,10,,,1,15,,14882,10,,,1,55,,14883,10,,,1,15,,14884,10,,,1,15,,14885,10,,,1,15,,14886,10,,,1,55,,14887,10,,,1,15,,14888,10,,,1,15,,14889,10,,,1,15,,14890,10,,,1,55,,14891,10,,,1,15,,14892,10,,,1,15,,14893,10,,,1,15,,14894,10,,,1,55,,14895,10,,,1
9900,'7',921,,14916,10,,,1,30,,14915,10,,,1,70,,14914,10,,,1,30,,14913,10,,,1,70,,14912,10,,,1,30,,14911,10,,,1,70,,14910,10,,,1,30,,14909,10,,,1,70,,14908,10,,,1,30,,14907,10,,,1,70,,14906,10,,,1,30,,14905,10,,,1,70,,14904,10,,,1,30,,14903,10,,,1,70,,14902,10,,,1,30,,14901,10,,,1,70,,14900,10,,,1,30,,14899,10,,,1,70,,14898,10,,,1,30,,14897,10,,,1
1119800,'14802',2543,,15357,10,,,1,70,,15358,10,,,1
1119800,'8001',2543,,15360,10,,,1,70,,15359,10,,,1
21005601,'12701',712,,15584,10,0,14 29,1,20,,15585,10,0,14 29,1,20,,15586,10,0,14 29,1,60,,15587,10,0,14 29,1,20,,15588,10,0,14 29,1,20,,15589,10,0,14 29,1,60,,15590,10,0,14 29,1,20,,15591,10,0,14 29,1,20,,15592,10,0,14 29,1,60,,15593,10,0,14 29,1,22,,15594,10,0,14 29,1,20,,15595,10,0,14 29,1,60,,15596,10,0,14 29,1,20,,15597,10,0,14 29,1,20,,15598,10,0,14 29,1,60,,15599,10,0,14 29,1,20,,15600,10,0,14 29,1,20,,15601,10,0,14 29,1,60,,15602,10,0,14 29,1,20,,15603,10,0,14 29,1,20,,15604,10,0,14 29,1,60,,15605,10,0,14 29,1,20,,15606,10,0,14 29,1,20,,15607,10,0,14 29,1,60,,15608,10,0,14 29,1,20,,15609,10,0,14 29,1,20,,15610,10,0,14 29,1,60,,15611,10,0,14 29,1,20,,15612,10,0,14 29,1,20,,15613,10,0,14 29,1,60,,15614,10,0,14 29,1,20,,15615,10,0,14 29,1,20,,15616,10,0,14 29,1,58,,15617,10,0,14 29,1,25,,15618,10,0,14 29,1,70,,15619,10,0,14 29,1,30,,15620,10,0,14 29,1,70,,15621,10,0,14 29,1,30,,15622,10,0,14 29,1,70,,15623,10,0,14 29,1
