501,'1',550,,11114,9,0,22,1,70,,11115,9,0,22,1,30,,11116,9,0,22,1,77,,11117,9,0,22,1,15,,11118,9,0,22,1,15,,11119,9,0,22,1,55,,11120,9,0,22,1,15,,11121,9,0,22,1,15,,11122,9,0,22,1,15,,11123,9,0,22,1,55,,11124,9,0,22,1,15,,11125,9,0,22,1,15,,11126,9,0,22,1,15,,11127,9,0,22,1,55,,11128,9,0,22,1,15,,11129,9,0,22,1,15,,11130,9,0,22,1,15,,11131,9,0,22,1,55,,11132,9,0,22,1,15,,11133,9,0,22,1,15,,11134,9,0,22,1,15,,11135,9,0,22,1,55,,11136,9,0,22,1,15,,11137,9,0,22,1,15,,11138,9,0,22,1,15,,11139,9,0,22,1,55,,11140,9,0,22,1,15,,11141,9,0,22,1,15,,11142,9,0,22,1,15,,11143,9,0,22,1,55,,11144,9,0,22,1,15,,11145,9,0,22,1,15,,11146,9,0,22,1,15,,11147,9,0,22,1,55,,11148,9,0,22,1,15,,11149,9,0,22,1,15,,11150,9,0,22,1,15,,11151,9,0,22,1,55,,11152,9,0,22,1,15,,11153,9,0,22,1,15,,11154,9,0,22,1,15,,11155,9,0,22,1,55,,11156,9,0,22,1,15,,11157,9,0,22,1,15,,11158,9,0,22,1,15,,11159,9,0,22,1,55,,11160,9,0,22,1,15,,11161,9,0,22,1,15,,11162,9,0,22,1,15,,11163,9,0,22,1,55,,11164,9,0,22,1,15,,11165,9,0,22,1,15,,11166,9,0,22,1,15,,11167,9,0,22,1,55,,11168,9,0,22,1,15,,11169,9,0,22,1,15,,11170,9,0,22,1,15,,11171,9,0,22,1,55,,11172,9,0,22,1,15,,11173,9,0,22,1,23,,11174,9,0,22,1,70,,11175,9,0,22,1,30,,11176,9,0,22,1,70,,11177,9,0,22,1,30,,11178,9,0,22,1,70,,11179,9,0,22,1
501,'2',550,,11180,9,0,22,1,70,,11181,9,0,22,1,30,,11182,9,0,22,1,77,,11183,9,0,22,1,20,,11184,9,0,22,1,60,,11185,9,0,22,1,20,,11186,9,0,22,1,20,,11187,9,0,22,1,60,,11188,9,0,22,1,20,,11189,9,0,22,1,20,,11190,9,0,22,1,60,,11191,9,0,22,1,20,,11192,9,0,22,1,20,,11193,9,0,22,1,60,,11194,9,0,22,1,20,,11195,9,0,22,1,20,,11196,9,0,22,1,60,,11197,9,0,22,1,20,,11198,9,0,22,1,20,,11199,9,0,22,1,60,,11200,9,0,22,1,20,,11201,9,0,22,1,20,,11202,9,0,22,1,60,,11203,9,0,22,1,20,,11204,9,0,22,1,20,,11205,9,0,22,1,60,,11206,9,0,22,1,20,,11207,9,0,22,1,20,,11208,9,0,22,1,60,,11209,9,0,22,1,20,,11210,9,0,22,1,20,,11211,9,0,22,1,60,,11212,9,0,22,1,20,,11213,9,0,22,1,20,,11214,9,0,22,1,60,,11215,9,0,22,1,13,,11216,9,0,22,1,30,,11217,9,0,22,1,70,,11218,9,0,22,1,30,,11219,9,0,22,1,70,,11220,9,0,22,1,30,,11221,9,0,22,1,70,,11222,9,0,22,1,30,,11223,9,0,22,1,70,,11224,9,0,22,1,30,,11225,9,0,22,1,70,,11226,9,0,22,1,30,,11227,9,0,22,1,70,,11228,9,0,22,1
501,'3',919,,11229,9,0,22,1,30,,11230,9,0,22,1,70,,11231,9,0,22,1,30,,11232,9,0,22,1,70,,11233,9,0,22,1,30,,11234,9,0,22,1,70,,11235,9,0,22,1,30,,11236,9,0,22,1,70,,11237,9,0,22,1,30,,11238,9,0,22,1,70,,11239,9,0,22,1,30,,11240,9,0,22,1,70,,11241,9,0,22,1,30,,11242,9,0,22,1,70,,11243,9,0,22,1,30,,11244,9,0,22,1,70,,11245,9,0,22,1,30,,11246,9,0,22,1,70,,11247,9,0,22,1,30,,11248,9,0,22,1
9900,'1',549,,14602,5,,,1,10,,14603,5,,,1,50,,14604,5,,,1,10,,14605,5,,,1,10,,14606,5,,,1,10,,14607,5,,,1,10,,14608,5,,,1,10,,14609,5,,,1,50,,14610,5,,,1,10,,14611,5,,,1,10,,14612,5,,,1,10,,14613,5,,,1,6,,14711,5,,,1,4,,14614,5,,,1,10,,14615,5,,,1,50,,14616,5,,,1,6,,14712,5,,,1,4,,14617,5,,,1,10,,14618,5,,,1,10,,14619,5,,,1,6,,14713,5,,,1,4,,14620,5,,,1,10,,14621,5,,,1,50,,14622,5,,,1,6,,14714,5,,,1,4,,14623,5,,,1,10,,14624,5,,,1,10,,14625,5,,,1,6,,14715,5,,,1,4,,14626,5,,,1,10,,14627,5,,,1,50,,14628,5,,,1,6,,14716,5,,,1,4,,14629,5,,,1,10,,14630,5,,,1,10,,14631,5,,,1,6,,14717,5,,,1,4,,14632,5,,,1,5,,14718,5,,,1,5,,14633,5,,,1,50,,14634,5,,,1,10,,14635,5,,,1,5,,14719,5,,,1,5,,14636,5,,,1,10,,14637,5,,,1,10,,14638,5,,,1,5,,14720,5,,,1,5,,14639,5,,,1,50,,14640,5,,,1,10,,14641,5,,,1,5,,14721,5,,,1,5,,14642,5,,,1,10,,14643,5,,,1,10,,14644,5,,,1,5,,14722,5,,,1,5,,14645,5,,,1,50,,14646,5,,,1,10,,14647,5,,,1,5,,14723,5,,,1,5,,14648,5,,,1,10,,14649,5,,,1,10,,14650,5,,,1,5,,14724,5,,,1,5,,14651,5,,,1,50,,14652,5,,,1,10,,14653,5,,,1,5,,14725,5,,,1,5,,14654,5,,,1,10,,14655,5,,,1,6,,14726,5,,,1,4,,14656,5,,,1,5,,14727,5,,,1,5,,14657,5,,,1,50,,14658,5,,,1,6,,14728,5,,,1,4,,14660,5,,,1,5,,14729,5,,,1,5,,14661,5,,,1,10,,14662,5,,,1,6,,14730,5,,,1,4,,14663,5,,,1,5,,14731,5,,,1,5,,14664,5,,,1,50,,14665,5,,,1,6,,14732,5,,,1,4,,14666,5,,,1,5,,14733,5,,,1,5,,14667,5,,,1,10,,14668,5,,,1,6,,14734,5,,,1,4,,14669,5,,,1,5,,14735,5,,,1,5,,14670,5,,,1,50,,14671,5,,,1,6,,14736,5,,,1,4,,14672,5,,,1,5,,14737,5,,,1,5,,14673,5,,,1,10,,14674,5,,,1,6,,14738,5,,,1,4,,14675,5,,,1,10,,14676,5,,,1,50,,14677,5,,,1,6,,14739,5,,,1,4,,14678,5,,,1,10,,14679,5,,,1,10,,14680,5,,,1,10,,14681,5,,,1,10,,14682,5,,,1,50,,14683,5,,,1,10,,14684,5,,,1,10,,14685,5,,,1,10,,14686,5,,,1,10,,14687,5,,,1,10,,14688,5,,,1,50,,14689,5,,,1,10,,14690,5,,,1,10,,14691,5,,,1,10,,14692,5,,,1,10,,14693,5,,,1,10,,14694,5,,,1,50,,14695,5,,,1,10,,14696,5,,,1,15,,14697,5,,,1,15,,14698,5,,,1,55,,14699,5,,,1,15,,14700,5,,,1,15,,14701,5,,,1,15,,14702,5,,,1,55,,14703,5,,,1,15,,14704,5,,,1,15,,14705,5,,,1,15,,14706,5,,,1,55,,14707,5,,,1,15,,14708,5,,,1,15,,14709,5,,,1,15,,14710,5,,,1
9900,'2',549,,14830,5,,,1,55,,14827,5,,,1,15,,14828,5,,,1,15,,14825,5,,,1,15,,14826,5,,,1,55,,14823,5,,,1,15,,14824,5,,,1,15,,14821,5,,,1,15,,14822,5,,,1,55,,14819,5,,,1,15,,14820,5,,,1,15,,14817,5,,,1,15,,14818,5,,,1,55,,14815,5,,,1,15,,14816,5,,,1,15,,14813,5,,,1,15,,14814,5,,,1,55,,14811,5,,,1,15,,14812,5,,,1,15,,14809,5,,,1,15,,14810,5,,,1,55,,14807,5,,,1,15,,14808,5,,,1,15,,14805,5,,,1,15,,14806,5,,,1,55,,14803,5,,,1,15,,14804,5,,,1,15,,14801,5,,,1,15,,14802,5,,,1,55,,14799,5,,,1,15,,14800,5,,,1,15,,14797,5,,,1,15,,14798,5,,,1,55,,14796,5,,,1,15,,14794,5,,,1,15,,14793,5,,,1,15,,14795,5,,,1,55,,14832,5,,,1,15,,14792,5,,,1,15,,14790,5,,,1,15,,14791,5,,,1,55,,14788,5,,,1,15,,14789,5,,,1,15,,14786,5,,,1,15,,14787,5,,,1,55,,14784,5,,,1,15,,14785,5,,,1,15,,14782,5,,,1,15,,14783,5,,,1,55,,14780,5,,,1,15,,14781,5,,,1,15,,14778,5,,,1,15,,14779,5,,,1,55,,14777,5,,,1,15,,14775,5,,,1,15,,14774,5,,,1,15,,14776,5,,,1,55,,14772,5,,,1,15,,14773,5,,,1,15,,14770,5,,,1,15,,14771,5,,,1,55,,14768,5,,,1,15,,14769,5,,,1,15,,14766,5,,,1,15,,14767,5,,,1,55,,14765,5,,,1,15,,14764,5,,,1,15,,14762,5,,,1,15,,14763,5,,,1,55,,14760,5,,,1,15,,14761,5,,,1,15,,14759,5,,,1,15,,14756,5,,,1,55,,14758,5,,,1,15,,14757,5,,,1,15,,14755,5,,,1
9900,'3',719,,14836,5,,,1,15,,14837,5,,,1,15,,14838,5,,,1,55,,14839,5,,,1,15,,14840,5,,,1,15,,14841,5,,,1,15,,14842,5,,,1,55,,14843,5,,,1,15,,14844,5,,,1,15,,14845,5,,,1,15,,14846,5,,,1,55,,14847,5,,,1,15,,14848,5,,,1,15,,14849,5,,,1,15,,14850,5,,,1,55,,14851,5,,,1,15,,14852,5,,,1,15,,14853,5,,,1,15,,14854,5,,,1,55,,14855,5,,,1,15,,14856,5,,,1,15,,14857,5,,,1,15,,14858,5,,,1,55,,14859,5,,,1,15,,14860,5,,,1,15,,14861,5,,,1,15,,14862,5,,,1,55,,14863,5,,,1,15,,14864,5,,,1,15,,14865,5,,,1,15,,14866,5,,,1,55,,14867,5,,,1,15,,14868,5,,,1,15,,14869,5,,,1,15,,14870,5,,,1,55,,14871,5,,,1,15,,14872,5,,,1,15,,14873,5,,,1,15,,14874,5,,,1,55,,14875,5,,,1,15,,14876,5,,,1,15,,14877,5,,,1,15,,14878,5,,,1,55,,14879,5,,,1,15,,14880,5,,,1,15,,14881,5,,,1,15,,14882,5,,,1,55,,14883,5,,,1,15,,14884,5,,,1,15,,14885,5,,,1,15,,14886,5,,,1,55,,14887,5,,,1,15,,14888,5,,,1,15,,14889,5,,,1,15,,14890,5,,,1,55,,14891,5,,,1,15,,14892,5,,,1,15,,14893,5,,,1,15,,14894,5,,,1,55,,14895,5,,,1
9900,'7',919,,14916,5,,,1,30,,14915,5,,,1,70,,14914,5,,,1,30,,14913,5,,,1,70,,14912,5,,,1,30,,14911,5,,,1,70,,14910,5,,,1,30,,14909,5,,,1,70,,14908,5,,,1,30,,14907,5,,,1,70,,14906,5,,,1,30,,14905,5,,,1,70,,14904,5,,,1,30,,14903,5,,,1,70,,14902,5,,,1,30,,14901,5,,,1,70,,14900,5,,,1,30,,14899,5,,,1,70,,14898,5,,,1,30,,14897,5,,,1
1000800,'3403',1834,,15333,23,,,1,75,,15334,23,,,1,35,,15335,23,,,1,75,,15336,23,,,1,35,,15337,23,,,1,75,,15338,23,,,1,75,,15339,23,,,1,35,,15340,23,,,1,75,,15341,23,,,1,35,,15342,23,,,1,75,,15343,23,,,1,35,,15344,23,,,1
1001800,'25201',1532,,15345,1,0,19 20 48,1,100,,15346,1,0,19 20 48,1,100,,15347,1,0,19 20 48,1,100,,15348,1,0,19 20 48,1,100,,15349,1,0,19 20 48,1,100,,15350,1,0,19 20 48,1
1119800,'14802',2540,,15357,5,,,1,70,,15358,5,,,1
1119800,'8001',2540,,15360,5,,,1,70,,15359,5,,,1
