9901,'1',557,,14917,12,,,1,50,,14918,20,,,1,10,,14919,20,,,1,10,,14920,32,,,1,10,,14921,32,,,1,10,,14922,32,,,1,10,,14923,32,,,1,50,,14924,32,,,1,10,,14925,32,,,1,10,,14926,32,,,1,6,,15029,12,,,1,4,,14927,32,,,1,10,,14928,32,,,1,10,,14929,32,,,1,46,,15030,12,,,1,4,,14930,32,,,1,10,,14931,32,,,1,10,,14932,32,,,1,6,,15031,12,,,1,4,,14933,32,,,1,10,,14934,32,,,1,10,,14935,32,,,1,46,,15032,12,,,1,4,,14936,32,,,1,10,,14937,32,,,1,10,,14938,32,,,1,6,,15033,12,,,1,4,,14939,32,,,1,10,,14940,32,,,1,10,,14941,32,,,1,46,,15034,12,,,1,4,,14942,32,,,1,10,,14943,32,,,1,10,,14944,32,,,1,6,,15035,12,,,1,4,,14945,32,,,1,5,,15036,12,,,1,5,,14946,32,,,1,10,,14947,32,,,1,50,,14948,32,,,1,5,,15037,12,,,1,5,,14949,32,,,1,10,,14950,32,,,1,10,,14951,32,,,1,5,,15038,12,,,1,5,,14952,32,,,1,10,,14953,32,,,1,50,,14954,32,,,1,5,,15039,12,,,1,5,,14955,32,,,1,10,,14956,32,,,1,10,,14957,32,,,1,5,,15040,12,,,1,5,,14958,32,,,1,10,,14959,32,,,1,50,,14960,32,,,1,5,,15041,12,,,1,5,,14961,32,,,1,10,,14962,32,,,1,10,,14963,32,,,1,5,,15042,12,,,1,5,,14964,32,,,1,10,,14965,32,,,1,50,,14966,32,,,1,5,,15043,12,,,1,5,,14967,32,,,1,10,,14968,32,,,1,6,,15044,12,,,1,4,,14969,32,,,1,5,,15045,12,,,1,5,,14970,32,,,1,10,,14971,32,,,1,46,,15046,12,,,1,4,,14972,32,,,1,5,,15047,12,,,1,5,,14973,32,,,1,10,,14974,32,,,1,6,,15048,12,,,1,4,,14975,32,,,1,5,,15049,12,,,1,5,,14976,32,,,1,10,,14977,32,,,1,46,,15050,12,,,1,4,,14978,32,,,1,5,,15051,12,,,1,5,,14979,32,,,1,10,,14980,32,,,1,6,,15052,12,,,1,4,,14981,32,,,1,5,,15053,12,,,1,5,,14982,32,,,1,10,,14983,32,,,1,46,,15054,12,,,1,4,,14984,32,,,1,5,,15055,12,,,1,5,,14985,32,,,1,10,,14986,32,,,1,6,,15056,12,,,1,4,,14987,32,,,1,10,,14988,32,,,1,10,,14989,32,,,1,46,,15057,12,,,1,4,,14990,32,,,1,10,,14991,32,,,1,10,,14992,32,,,1,10,,14993,32,,,1,10,,14994,32,,,1,10,,14995,32,,,1,50,,14996,32,,,1,10,,14997,32,,,1,10,,14998,32,,,1,10,,14999,32,,,1,10,,15000,32,,,1,10,,15001,32,,,1,50,,15002,32,,,1,10,,15003,32,,,1,10,,15004,32,,,1,10,,15005,32,,,1,10,,15006,32,,,1,10,,15007,32,,,1,50,,15008,32,,,1,10,,15009,32,,,1,10,,15010,32,,,1,10,,15011,32,,,1,10,,15012,32,,,1,10,,15013,32,,,1,50,,15014,32,,,1,10,,15015,32,,,1,10,,15016,32,,,1,10,,15017,32,,,1,15,,15019,20,,,1,55,,15020,32,,,1,15,,15021,20,,,1,15,,15022,32,,,1,15,,15023,20,,,1,55,,15024,32,,,1,15,,15025,20,,,1,15,,15026,32,,,1
9901,'2',553,,15149,12,,,1,55,,15148,20,,,1,15,,15146,20,,,1,15,,15147,32,,,1,15,,15144,20,,,1,55,,15145,32,,,1,15,,15142,20,,,1,15,,15143,32,,,1,15,,15140,20,,,1,55,,15141,32,,,1,15,,15138,20,,,1,15,,15139,32,,,1,15,,15136,20,,,1,55,,15137,32,,,1,15,,15134,20,,,1,15,,15135,32,,,1,15,,15132,20,,,1,55,,15133,32,,,1,15,,15130,20,,,1,15,,15131,32,,,1,15,,15128,20,,,1,55,,15129,32,,,1,15,,15126,20,,,1,15,,15127,32,,,1,15,,15124,20,,,1,55,,15125,32,,,1,15,,15122,20,,,1,15,,15123,32,,,1,15,,15120,20,,,1,55,,15121,32,,,1,15,,15118,20,,,1,15,,15119,32,,,1,15,,15116,20,,,1,55,,15117,32,,,1,15,,15114,20,,,1,15,,15115,32,,,1,15,,15150,20,,,1,55,,15113,32,,,1,15,,15111,20,,,1,15,,15151,12,,,1,15,,15109,20,,,1,55,,15110,32,,,1,15,,15107,20,,,1,15,,15108,32,,,1,15,,15105,20,,,1,55,,15106,32,,,1,15,,15103,20,,,1,15,,15104,32,,,1,15,,15101,20,,,1,55,,15102,32,,,1,15,,15099,20,,,1,15,,15100,32,,,1,15,,15097,20,,,1,55,,15098,32,,,1,15,,15095,20,,,1,15,,15096,32,,,1,15,,15093,20,,,1,55,,15094,32,,,1,15,,15091,20,,,1,15,,15092,32,,,1,15,,15089,20,,,1,55,,15090,32,,,1,15,,15087,20,,,1,15,,15088,32,,,1,15,,15085,20,,,1,55,,15086,32,,,1,15,,15083,20,,,1,15,,15084,32,,,1,15,,15081,20,,,1,55,,15082,32,,,1,15,,15079,20,,,1,15,,15080,32,,,1,15,,15077,20,,,1,55,,15078,32,,,1,15,,15075,20,,,1,15,,15076,32,,,1
9901,'3',737,,15152,20,,,1,15,,15153,20,,,1,56,,15154,32,,,1,14,,15155,20,,,1,16,,15156,32,,,1,14,,15157,20,,,1,56,,15158,32,,,1,14,,15159,20,,,1,16,,15160,32,,,1,14,,15161,20,,,1,56,,15162,32,,,1,14,,15163,20,,,1,16,,15164,32,,,1,14,,15165,20,,,1,56,,15166,32,,,1,14,,15167,20,,,1,16,,15168,32,,,1,14,,15169,20,,,1,56,,15170,32,,,1,14,,15171,20,,,1,16,,15172,32,,,1,14,,15173,20,,,1,56,,15174,32,,,1,14,,15175,20,,,1,16,,15176,32,,,1,14,,15177,20,,,1,56,,15178,32,,,1,14,,15179,20,,,1,16,,15180,32,,,1,14,,15181,20,,,1,56,,15182,32,,,1,14,,15183,20,,,1,16,,15184,32,,,1,14,,15185,20,,,1,56,,15186,32,,,1,14,,15187,20,,,1,16,,15188,32,,,1,14,,15189,20,,,1,56,,15190,32,,,1,14,,15191,20,,,1,16,,15192,32,,,1,14,,15193,20,,,1,56,,15194,32,,,1,14,,15195,20,,,1,16,,15196,32,,,1,14,,15197,20,,,1,56,,15198,32,,,1,14,,15199,20,,,1,16,,15200,32,,,1,14,,15201,20,,,1,56,,15202,32,,,1,14,,15203,20,,,1,16,,15204,32,,,1,14,,15205,20,,,1,56,,15206,32,,,1,14,,15207,20,,,1,16,,15208,32,,,1,14,,15209,20,,,1,56,,15210,32,,,1,14,,15211,20,,,1,16,,15212,32,,,1
9901,'7',938,,15214,20,,,1,70,,15215,32,,,1,30,,15216,32,,,1,70,,15217,32,,,1,30,,15218,32,,,1,70,,15219,32,,,1,30,,15220,32,,,1,70,,15221,32,,,1,30,,15222,32,,,1,70,,15223,32,,,1,30,,15224,32,,,1,70,,15225,32,,,1,30,,15226,32,,,1,70,,15227,32,,,1,30,,15228,32,,,1,70,,15229,32,,,1,30,,15230,32,,,1,70,,15231,32,,,1,30,,15232,32,,,1,70,,15233,32,,,1
1000600,'14802',2524,,15293,12,0,24 29,1,20,,15294,12,0,24 29,1,60,,15295,12,0,24 29,1,20,,15296,12,0,24 29,1,20,,15297,12,0,24 29,1
1000600,'7901',2544,,15298,12,0,24 29,1,80,,15299,12,0,24 29,1
1000600,'8001',2524,,15300,12,0,24 29,1,80,,15301,12,0,24 29,1,40,,15302,12,0,24 29,1
1001801,'25201',1521,,15351,5,4,,1,100,,15352,5,4,,1,100,,15353,5,4,,1,100,,15354,5,4,,1,100,,15355,5,4,,1,100,,15356,5,4,,1
1119801,'14802',2532,,15361,20,,,1,70,,15362,20,,,1,30,,15363,20,,,1,70,,15364,20,,,1
1119801,'8001',2532,,15365,20,,,1,70,,15366,20,,,1,30,,15367,20,,,1,70,,15368,20,,,1
21005600,'12701',718,,15569,11,0,14 29,1,20,,15570,11,0,14 29,1,20,,15571,11,0,14 29,1,60,,15572,11,0,14 29,1,20,,15573,11,0,14 29,1,20,,15574,11,0,14 29,1,60,,15575,11,0,14 29,1,20,,15568,11,0,14 29,1,20,,15545,11,0,14 29,1,60,,15567,11,0,14 29,1,20,,15566,11,0,14 29,1,20,,15565,11,0,14 29,1,60,,15564,11,0,14 29,1,20,,15563,11,0,14 29,1,20,,15562,11,0,14 29,1,60,,15561,11,0,14 29,1,20,,15560,11,0,14 29,1,20,,15559,11,0,14 29,1,60,,15558,11,0,14 29,1,20,,15557,11,0,14 29,1,21,,15556,11,0,14 29,1,60,,15555,11,0,14 29,1,20,,15554,11,0,14 29,1,20,,15553,11,0,14 29,1,60,,15552,11,0,14 29,1,20,,15551,11,0,14 29,1,20,,15550,11,0,14 29,1,60,,15549,11,0,14 29,1,20,,15548,11,0,14 29,1,20,,15547,11,0,14 29,1,60,,15546,11,0,14 29,1,20,,15576,11,0,14 29,1,19,,15577,11,0,14 29,1,65,,15578,11,0,14 29,1,30,,15579,11,0,14 29,1,70,,15580,11,0,14 29,1,30,,15581,11,0,14 29,1,70,,15582,11,0,14 29,1,30,,15583,11,0,14 29,1
