501,'1',548,,11114,8,0,22,1,71,,11115,8,0,22,1,30,,11116,8,0,22,1,76,,11117,8,0,22,1,15,,11118,8,0,22,1,15,,11119,8,0,22,1,55,,11120,8,0,22,1,15,,11121,8,0,22,1,15,,11122,8,0,22,1,15,,11123,8,0,22,1,55,,11124,8,0,22,1,15,,11125,8,0,22,1,15,,11126,8,0,22,1,15,,11127,8,0,22,1,55,,11128,8,0,22,1,15,,11129,8,0,22,1,15,,11130,8,0,22,1,15,,11131,8,0,22,1,55,,11132,8,0,22,1,15,,11133,8,0,22,1,15,,11134,8,0,22,1,15,,11135,8,0,22,1,55,,11136,8,0,22,1,15,,11137,8,0,22,1,15,,11138,8,0,22,1,15,,11139,8,0,22,1,55,,11140,8,0,22,1,15,,11141,8,0,22,1,15,,11142,8,0,22,1,15,,11143,8,0,22,1,55,,11144,8,0,22,1,15,,11145,8,0,22,1,15,,11146,8,0,22,1,15,,11147,8,0,22,1,55,,11148,8,0,22,1,15,,11149,8,0,22,1,15,,11150,8,0,22,1,15,,11151,8,0,22,1,55,,11152,8,0,22,1,15,,11153,8,0,22,1,15,,11154,8,0,22,1,15,,11155,8,0,22,1,55,,11156,8,0,22,1,15,,11157,8,0,22,1,15,,11158,8,0,22,1,15,,11159,8,0,22,1,55,,11160,8,0,22,1,15,,11161,8,0,22,1,15,,11162,8,0,22,1,15,,11163,8,0,22,1,55,,11164,8,0,22,1,15,,11165,8,0,22,1,15,,11166,8,0,22,1,15,,11167,8,0,22,1,55,,11168,8,0,22,1,15,,11169,8,0,22,1,15,,11170,8,0,22,1,15,,11171,8,0,22,1,55,,11172,8,0,22,1,15,,11173,8,0,22,1,24,,11174,8,0,22,1,70,,11175,8,0,22,1,30,,11176,8,0,22,1,70,,11177,8,0,22,1,30,,11178,8,0,22,1,70,,11179,8,0,22,1
501,'2',549,,11180,8,0,22,1,70,,11181,8,0,22,1,30,,11182,8,0,22,1,76,,11183,8,0,22,1,20,,11184,8,0,22,1,60,,11185,8,0,22,1,20,,11186,8,0,22,1,20,,11187,8,0,22,1,60,,11188,8,0,22,1,20,,11189,8,0,22,1,20,,11190,8,0,22,1,60,,11191,8,0,22,1,20,,11192,8,0,22,1,20,,11193,8,0,22,1,60,,11194,8,0,22,1,20,,11195,8,0,22,1,20,,11196,8,0,22,1,60,,11197,8,0,22,1,20,,11198,8,0,22,1,20,,11199,8,0,22,1,60,,11200,8,0,22,1,20,,11201,8,0,22,1,20,,11202,8,0,22,1,60,,11203,8,0,22,1,20,,11204,8,0,22,1,20,,11205,8,0,22,1,60,,11206,8,0,22,1,20,,11207,8,0,22,1,20,,11208,8,0,22,1,60,,11209,8,0,22,1,20,,11210,8,0,22,1,20,,11211,8,0,22,1,60,,11212,8,0,22,1,20,,11213,8,0,22,1,20,,11214,8,0,22,1,60,,11215,8,0,22,1,14,,11216,8,0,22,1,30,,11217,8,0,22,1,70,,11218,8,0,22,1,30,,11219,8,0,22,1,70,,11220,8,0,22,1,30,,11221,8,0,22,1,70,,11222,8,0,22,1,30,,11223,8,0,22,1,70,,11224,8,0,22,1,30,,11225,8,0,22,1,70,,11226,8,0,22,1,30,,11227,8,0,22,1,70,,11228,8,0,22,1
501,'3',918,,11229,8,0,22,1,30,,11230,8,0,22,1,70,,11231,8,0,22,1,30,,11232,8,0,22,1,70,,11233,8,0,22,1,30,,11234,8,0,22,1,70,,11235,8,0,22,1,30,,11236,8,0,22,1,70,,11237,8,0,22,1,30,,11238,8,0,22,1,70,,11239,8,0,22,1,30,,11240,8,0,22,1,70,,11241,8,0,22,1,30,,11242,8,0,22,1,70,,11243,8,0,22,1,30,,11244,8,0,22,1,70,,11245,8,0,22,1,30,,11246,8,0,22,1,70,,11247,8,0,22,1,30,,11248,8,0,22,1
9900,'1',547,,14602,4,,,1,10,,14603,4,,,1,50,,14604,4,,,1,10,,14605,4,,,1,10,,14606,4,,,1,10,,14607,4,,,1,10,,14608,4,,,1,10,,14609,4,,,1,50,,14610,4,,,1,10,,14611,4,,,1,10,,14612,4,,,1,10,,14613,4,,,1,6,,14711,4,,,1,4,,14614,4,,,1,10,,14615,4,,,1,50,,14616,4,,,1,6,,14712,4,,,1,4,,14617,4,,,1,10,,14618,4,,,1,10,,14619,4,,,1,6,,14713,4,,,1,4,,14620,4,,,1,10,,14621,4,,,1,50,,14622,4,,,1,6,,14714,4,,,1,4,,14623,4,,,1,10,,14624,4,,,1,10,,14625,4,,,1,6,,14715,4,,,1,4,,14626,4,,,1,10,,14627,4,,,1,50,,14628,4,,,1,6,,14716,4,,,1,4,,14629,4,,,1,10,,14630,4,,,1,10,,14631,4,,,1,6,,14717,4,,,1,4,,14632,4,,,1,5,,14718,4,,,1,5,,14633,4,,,1,50,,14634,4,,,1,10,,14635,4,,,1,5,,14719,4,,,1,5,,14636,4,,,1,10,,14637,4,,,1,10,,14638,4,,,1,5,,14720,4,,,1,5,,14639,4,,,1,50,,14640,4,,,1,10,,14641,4,,,1,5,,14721,4,,,1,5,,14642,4,,,1,10,,14643,4,,,1,10,,14644,4,,,1,5,,14722,4,,,1,5,,14645,4,,,1,50,,14646,4,,,1,10,,14647,4,,,1,5,,14723,4,,,1,5,,14648,4,,,1,10,,14649,4,,,1,10,,14650,4,,,1,5,,14724,4,,,1,5,,14651,4,,,1,50,,14652,4,,,1,10,,14653,4,,,1,5,,14725,4,,,1,5,,14654,4,,,1,10,,14655,4,,,1,6,,14726,4,,,1,4,,14656,4,,,1,5,,14727,4,,,1,5,,14657,4,,,1,50,,14658,4,,,1,6,,14728,4,,,1,4,,14660,4,,,1,5,,14729,4,,,1,5,,14661,4,,,1,10,,14662,4,,,1,6,,14730,4,,,1,4,,14663,4,,,1,5,,14731,4,,,1,5,,14664,4,,,1,50,,14665,4,,,1,6,,14732,4,,,1,4,,14666,4,,,1,5,,14733,4,,,1,5,,14667,4,,,1,10,,14668,4,,,1,6,,14734,4,,,1,4,,14669,4,,,1,5,,14735,4,,,1,5,,14670,4,,,1,50,,14671,4,,,1,6,,14736,4,,,1,4,,14672,4,,,1,5,,14737,4,,,1,5,,14673,4,,,1,10,,14674,4,,,1,6,,14738,4,,,1,4,,14675,4,,,1,10,,14676,4,,,1,50,,14677,4,,,1,6,,14739,4,,,1,4,,14678,4,,,1,10,,14679,4,,,1,10,,14680,4,,,1,10,,14681,4,,,1,10,,14682,4,,,1,50,,14683,4,,,1,10,,14684,4,,,1,10,,14685,4,,,1,10,,14686,4,,,1,10,,14687,4,,,1,10,,14688,4,,,1,50,,14689,4,,,1,10,,14690,4,,,1,10,,14691,4,,,1,10,,14692,4,,,1,10,,14693,4,,,1,10,,14694,4,,,1,50,,14695,4,,,1,10,,14696,4,,,1,15,,14697,4,,,1,15,,14698,4,,,1,55,,14699,4,,,1,15,,14700,4,,,1,15,,14701,4,,,1,15,,14702,4,,,1,55,,14703,4,,,1,15,,14704,4,,,1,15,,14705,4,,,1,15,,14706,4,,,1,55,,14707,4,,,1,15,,14708,4,,,1,15,,14709,4,,,1,15,,14710,4,,,1
9900,'2',547,,14830,4,,,1,55,,14827,4,,,1,15,,14828,4,,,1,15,,14825,4,,,1,15,,14826,4,,,1,55,,14823,4,,,1,15,,14824,4,,,1,15,,14821,4,,,1,15,,14822,4,,,1,55,,14819,4,,,1,15,,14820,4,,,1,15,,14817,4,,,1,15,,14818,4,,,1,55,,14815,4,,,1,15,,14816,4,,,1,15,,14813,4,,,1,15,,14814,4,,,1,55,,14811,4,,,1,15,,14812,4,,,1,15,,14809,4,,,1,15,,14810,4,,,1,55,,14807,4,,,1,15,,14808,4,,,1,15,,14805,4,,,1,15,,14806,4,,,1,55,,14803,4,,,1,15,,14804,4,,,1,15,,14801,4,,,1,15,,14802,4,,,1,55,,14799,4,,,1,15,,14800,4,,,1,15,,14797,4,,,1,15,,14798,4,,,1,55,,14796,4,,,1,15,,14794,4,,,1,15,,14793,4,,,1,15,,14795,4,,,1,55,,14832,4,,,1,15,,14792,4,,,1,15,,14790,4,,,1,15,,14791,4,,,1,55,,14788,4,,,1,15,,14789,4,,,1,15,,14786,4,,,1,15,,14787,4,,,1,55,,14784,4,,,1,15,,14785,4,,,1,15,,14782,4,,,1,15,,14783,4,,,1,55,,14780,4,,,1,15,,14781,4,,,1,15,,14778,4,,,1,15,,14779,4,,,1,55,,14777,4,,,1,15,,14775,4,,,1,15,,14774,4,,,1,15,,14776,4,,,1,55,,14772,4,,,1,15,,14773,4,,,1,15,,14770,4,,,1,15,,14771,4,,,1,55,,14768,4,,,1,15,,14769,4,,,1,15,,14766,4,,,1,15,,14767,4,,,1,55,,14765,4,,,1,15,,14764,4,,,1,15,,14762,4,,,1,15,,14763,4,,,1,55,,14760,4,,,1,15,,14761,4,,,1,15,,14759,4,,,1,15,,14756,4,,,1,55,,14758,4,,,1,15,,14757,4,,,1,15,,14755,4,,,1
9900,'3',717,,14836,4,,,1,15,,14837,4,,,1,15,,14838,4,,,1,55,,14839,4,,,1,15,,14840,4,,,1,15,,14841,4,,,1,15,,14842,4,,,1,55,,14843,4,,,1,15,,14844,4,,,1,15,,14845,4,,,1,15,,14846,4,,,1,55,,14847,4,,,1,15,,14848,4,,,1,15,,14849,4,,,1,15,,14850,4,,,1,55,,14851,4,,,1,15,,14852,4,,,1,15,,14853,4,,,1,15,,14854,4,,,1,55,,14855,4,,,1,15,,14856,4,,,1,15,,14857,4,,,1,15,,14858,4,,,1,55,,14859,4,,,1,15,,14860,4,,,1,15,,14861,4,,,1,15,,14862,4,,,1,55,,14863,4,,,1,15,,14864,4,,,1,15,,14865,4,,,1,15,,14866,4,,,1,55,,14867,4,,,1,15,,14868,4,,,1,15,,14869,4,,,1,15,,14870,4,,,1,55,,14871,4,,,1,15,,14872,4,,,1,15,,14873,4,,,1,15,,14874,4,,,1,55,,14875,4,,,1,15,,14876,4,,,1,15,,14877,4,,,1,15,,14878,4,,,1,55,,14879,4,,,1,15,,14880,4,,,1,15,,14881,4,,,1,15,,14882,4,,,1,55,,14883,4,,,1,15,,14884,4,,,1,15,,14885,4,,,1,15,,14886,4,,,1,55,,14887,4,,,1,15,,14888,4,,,1,15,,14889,4,,,1,15,,14890,4,,,1,55,,14891,4,,,1,15,,14892,4,,,1,15,,14893,4,,,1,15,,14894,4,,,1,55,,14895,4,,,1
9900,'7',917,,14916,4,,,1,30,,14915,4,,,1,70,,14914,4,,,1,30,,14913,4,,,1,70,,14912,4,,,1,30,,14911,4,,,1,70,,14910,4,,,1,30,,14909,4,,,1,70,,14908,4,,,1,30,,14907,4,,,1,70,,14906,4,,,1,30,,14905,4,,,1,70,,14904,4,,,1,30,,14903,4,,,1,70,,14902,4,,,1,30,,14901,4,,,1,70,,14900,4,,,1,30,,14899,4,,,1,70,,14898,4,,,1,30,,14897,4,,,1
1000600,'14802',2524,,15293,13,0,24 29,1,20,,15294,13,0,24 29,1,60,,15295,13,0,24 29,1,20,,15296,13,0,24 29,1,20,,15297,13,0,24 29,1
1000600,'7901',2544,,15298,13,0,24 29,1,80,,15299,13,0,24 29,1
1000600,'8001',2524,,15300,13,0,24 29,1,80,,15301,13,0,24 29,1,40,,15302,13,0,24 29,1
1000800,'3403',1833,,15333,22,,,1,75,,15334,22,,,1,35,,15335,22,,,1,75,,15336,22,,,1,35,,15337,22,,,1,75,,15338,22,,,1,75,,15339,22,,,1,35,,15340,22,,,1,75,,15341,22,,,1,35,,15342,22,,,1,75,,15343,22,,,1,35,,15344,22,,,1
