201,'1',553,,10477,15,0,23 24,1,70,,10478,14,0,23 24,1,30,,10479,14,0,23 24,1,70,,10480,14,0,23 24,1,30,,10481,14,0,23 24,1,70,,10482,14,0,23 24,1,30,,10483,14,0,23 24,1,70,,10484,14,0,23 24,1,30,,10485,14,0,23 24,1,70,,10486,14,0,23 24,1,30,,10487,14,0,23 24,1,70,,10488,14,0,23 24,1,30,,10489,14,0,23 24,1,70,,10490,14,0,23 24,1,30,,10491,14,0,23 24,1,70,,10492,14,0,23 24,1,30,,10493,14,0,23 24,1,70,,10494,14,0,23 24,1,30,,10495,14,0,23 24,1,70,,10496,14,0,23 24,1,30,,10497,14,0,23 24,1,70,,10498,14,0,23 24,1,30,,10499,14,0,23 24,1,70,,10500,14,0,23 24,1,30,,10501,14,0,23 24,1,70,,10502,14,0,23 24,1,30,,10503,14,0,23 24,1,70,,10504,14,0,23 24,1,30,,10505,14,0,23 24,1,70,,10506,14,0,23 24,1,30,,10507,14,0,23 24,1,70,,10508,14,0,23 24,1,30,,10509,14,0,23 24,1,70,,10510,14,0,23 24,1,30,,10511,14,0,23 24,1,70,,10512,14,0,23 24,1,30,,10513,14,0,23 24,1,70,,10514,14,0,23 24,1
201,'2',553,,10515,15,0,23 24,1,70,,10516,14,0,23 24,1,30,,10517,14,0,23 24,1,70,,10518,14,0,23 24,1,30,,10519,14,0,23 24,1,70,,10520,14,0,23 24,1,30,,10521,14,0,23 24,1,70,,10522,14,0,23 24,1,30,,10523,14,0,23 24,1,70,,10524,14,0,23 24,1,30,,10525,14,0,23 24,1,70,,10526,14,0,23 24,1,30,,10527,14,0,23 24,1,70,,10528,14,0,23 24,1,30,,10529,14,0,23 24,1,70,,10530,14,0,23 24,1,30,,10531,14,0,23 24,1,70,,10532,14,0,23 24,1,30,,10533,14,0,23 24,1,70,,10534,14,0,23 24,1,30,,10535,14,0,23 24,1,70,,10536,14,0,23 24,1,30,,10537,14,0,23 24,1,70,,10538,14,0,23 24,1,30,,10539,14,0,23 24,1,70,,10540,14,0,23 24,1,30,,10541,14,0,23 24,1,70,,10542,14,0,23 24,1,30,,10543,14,0,23 24,1,70,,10544,14,0,23 24,1,30,,10545,14,0,23 24,1,70,,10546,14,0,23 24,1,30,,10547,14,0,23 24,1,70,,10548,14,0,23 24,1,30,,10549,14,0,23 24,1,70,,10550,14,0,23 24,1,30,,10551,14,0,23 24,1,70,,10552,14,0,23 24,1
201,'3',923,,10553,15,0,23 24,1,30,,10554,14,0,23 24,1,70,,10555,14,0,23 24,1,30,,10556,14,0,23 24,1,70,,10557,14,0,23 24,1,30,,10558,14,0,23 24,1,70,,10559,14,0,23 24,1,30,,10560,14,0,23 24,1,70,,10561,14,0,23 24,1,30,,10562,14,0,23 24,1,70,,10563,14,0,23 24,1,30,,10564,14,0,23 24,1,70,,10565,14,0,23 24,1,30,,10566,14,0,23 24,1,70,,10567,14,0,23 24,1,30,,10568,14,0,23 24,1,70,,10569,14,0,23 24,1,30,,10570,14,0,23 24,1,70,,10571,14,0,23 24,1,30,,10572,14,0,23 24,1
9900,'1',555,,14602,15,,,1,50,,14603,15,,,1,10,,14604,15,,,1,10,,14605,15,,,1,10,,14606,15,,,1,10,,14607,15,,,1,10,,14608,15,,,1,50,,14609,15,,,1,10,,14610,15,,,1,10,,14611,15,,,1,10,,14612,15,,,1,10,,14613,15,,,1,5,,14711,15,,,1,5,,14614,15,,,1,50,,14615,15,,,1,10,,14616,15,,,1,5,,14712,15,,,1,5,,14617,15,,,1,10,,14618,15,,,1,10,,14619,15,,,1,5,,14713,15,,,1,5,,14620,15,,,1,50,,14621,15,,,1,10,,14622,15,,,1,5,,14714,15,,,1,5,,14623,15,,,1,10,,14624,15,,,1,10,,14625,15,,,1,5,,14715,15,,,1,5,,14626,15,,,1,50,,14627,15,,,1,10,,14628,15,,,1,5,,14716,15,,,1,5,,14629,15,,,1,10,,14630,15,,,1,10,,14631,15,,,1,5,,14717,15,,,1,5,,14632,15,,,1,4,,14718,15,,,1,46,,14633,15,,,1,10,,14634,15,,,1,10,,14635,15,,,1,4,,14719,15,,,1,6,,14636,15,,,1,10,,14637,15,,,1,10,,14638,15,,,1,4,,14720,15,,,1,46,,14639,15,,,1,10,,14640,15,,,1,10,,14641,15,,,1,4,,14721,15,,,1,6,,14642,15,,,1,10,,14643,15,,,1,10,,14644,15,,,1,4,,14722,15,,,1,46,,14645,15,,,1,10,,14646,15,,,1,10,,14647,15,,,1,4,,14723,15,,,1,6,,14648,15,,,1,10,,14649,15,,,1,10,,14650,15,,,1,4,,14724,15,,,1,46,,14651,15,,,1,10,,14652,15,,,1,10,,14653,15,,,1,4,,14725,15,,,1,6,,14654,15,,,1,10,,14655,15,,,1,5,,14726,15,,,1,5,,14656,15,,,1,4,,14727,15,,,1,46,,14657,15,,,1,10,,14658,15,,,1,5,,14728,15,,,1,5,,14660,15,,,1,4,,14729,15,,,1,6,,14661,15,,,1,10,,14662,15,,,1,5,,14730,15,,,1,5,,14663,15,,,1,4,,14731,15,,,1,46,,14664,15,,,1,10,,14665,15,,,1,5,,14732,15,,,1,5,,14666,15,,,1,4,,14733,15,,,1,6,,14667,15,,,1,10,,14668,15,,,1,5,,14734,15,,,1,5,,14669,15,,,1,4,,14735,15,,,1,46,,14670,15,,,1,10,,14671,15,,,1,5,,14736,15,,,1,5,,14672,15,,,1,4,,14737,15,,,1,6,,14673,15,,,1,10,,14674,15,,,1,5,,14738,15,,,1,5,,14675,15,,,1,50,,14676,15,,,1,10,,14677,15,,,1,5,,14739,15,,,1,5,,14678,15,,,1,10,,14679,15,,,1,10,,14680,15,,,1,10,,14681,15,,,1,50,,14682,15,,,1,10,,14683,15,,,1,10,,14684,15,,,1,10,,14685,15,,,1,10,,14686,15,,,1,10,,14687,15,,,1,50,,14688,15,,,1,10,,14689,15,,,1,10,,14690,15,,,1,10,,14691,15,,,1,10,,14692,15,,,1,10,,14693,15,,,1,50,,14694,15,,,1,10,,14695,15,,,1,10,,14696,15,,,1,15,,14697,15,,,1,15,,14698,15,,,1,55,,14699,15,,,1,15,,14700,15,,,1,15,,14701,15,,,1,15,,14702,15,,,1,55,,14703,15,,,1,15,,14704,15,,,1,15,,14705,15,,,1,15,,14706,15,,,1,55,,14707,15,,,1,15,,14708,15,,,1,15,,14709,15,,,1,15,,14710,15,,,1
9900,'2',555,,14830,15,,,1,55,,14827,15,,,1,15,,14828,15,,,1,15,,14825,15,,,1,15,,14826,15,,,1,55,,14823,15,,,1,15,,14824,15,,,1,15,,14821,15,,,1,15,,14822,15,,,1,55,,14819,15,,,1,15,,14820,15,,,1,15,,14817,15,,,1,15,,14818,15,,,1,55,,14815,15,,,1,15,,14816,15,,,1,15,,14813,15,,,1,15,,14814,15,,,1,55,,14811,15,,,1,15,,14812,15,,,1,15,,14809,15,,,1,15,,14810,15,,,1,55,,14807,15,,,1,15,,14808,15,,,1,15,,14805,15,,,1,15,,14806,15,,,1,55,,14803,15,,,1,15,,14804,15,,,1,15,,14801,15,,,1,15,,14802,15,,,1,55,,14799,15,,,1,15,,14800,15,,,1,15,,14797,15,,,1,15,,14798,15,,,1,55,,14796,15,,,1,15,,14794,15,,,1,15,,14793,15,,,1,15,,14795,15,,,1,55,,14832,15,,,1,15,,14792,15,,,1,15,,14790,15,,,1,15,,14791,15,,,1,55,,14788,15,,,1,15,,14789,15,,,1,15,,14786,15,,,1,15,,14787,15,,,1,55,,14784,15,,,1,15,,14785,15,,,1,15,,14782,15,,,1,15,,14783,15,,,1,55,,14780,15,,,1,15,,14781,15,,,1,15,,14778,15,,,1,15,,14779,15,,,1,55,,14777,15,,,1,15,,14775,15,,,1,15,,14774,15,,,1,15,,14776,15,,,1,55,,14772,15,,,1,15,,14773,15,,,1,15,,14770,15,,,1,15,,14771,15,,,1,55,,14768,15,,,1,15,,14769,15,,,1,15,,14766,15,,,1,15,,14767,15,,,1,55,,14765,15,,,1,15,,14764,15,,,1,15,,14762,15,,,1,15,,14763,15,,,1,55,,14760,15,,,1,15,,14761,15,,,1,15,,14759,15,,,1,15,,14756,15,,,1,55,,14758,15,,,1,15,,14757,15,,,1,15,,14755,15,,,1
9900,'3',725,,14836,15,,,1,15,,14837,15,,,1,15,,14838,15,,,1,55,,14839,15,,,1,15,,14840,15,,,1,15,,14841,15,,,1,15,,14842,15,,,1,55,,14843,15,,,1,15,,14844,15,,,1,15,,14845,15,,,1,15,,14846,15,,,1,55,,14847,15,,,1,15,,14848,15,,,1,15,,14849,15,,,1,15,,14850,15,,,1,55,,14851,15,,,1,15,,14852,15,,,1,15,,14853,15,,,1,15,,14854,15,,,1,55,,14855,15,,,1,15,,14856,15,,,1,15,,14857,15,,,1,15,,14858,15,,,1,55,,14859,15,,,1,15,,14860,15,,,1,15,,14861,15,,,1,15,,14862,15,,,1,55,,14863,15,,,1,15,,14864,15,,,1,15,,14865,15,,,1,15,,14866,15,,,1,55,,14867,15,,,1,15,,14868,15,,,1,15,,14869,15,,,1,15,,14870,15,,,1,55,,14871,15,,,1,15,,14872,15,,,1,15,,14873,15,,,1,15,,14874,15,,,1,55,,14875,15,,,1,15,,14876,15,,,1,15,,14877,15,,,1,15,,14878,15,,,1,55,,14879,15,,,1,15,,14880,15,,,1,15,,14881,15,,,1,15,,14882,15,,,1,55,,14883,15,,,1,15,,14884,15,,,1,15,,14885,15,,,1,15,,14886,15,,,1,55,,14887,15,,,1,15,,14888,15,,,1,15,,14889,15,,,1,15,,14890,15,,,1,55,,14891,15,,,1,15,,14892,15,,,1,15,,14893,15,,,1,15,,14894,15,,,1,55,,14895,15,,,1
9900,'7',925,,14916,15,,,1,30,,14915,15,,,1,70,,14914,15,,,1,30,,14913,15,,,1,70,,14912,15,,,1,30,,14911,15,,,1,70,,14910,15,,,1,30,,14909,15,,,1,70,,14908,15,,,1,30,,14907,15,,,1,70,,14906,15,,,1,30,,14905,15,,,1,70,,14904,15,,,1,30,,14903,15,,,1,70,,14902,15,,,1,30,,14901,15,,,1,70,,14900,15,,,1,30,,14899,15,,,1,70,,14898,15,,,1,30,,14897,15,,,1
1000701,'14802',2527,,15323,9,0,17 18,1,20,,15324,9,0,17 18,1,60,,15325,9,0,17 18,1,20,,15326,9,0,17 18,1,20,,15327,9,0,17 18,1
1000701,'7901',2547,,15328,9,0,17 18,1,80,,15329,9,0,17 18,1
1000701,'8001',2527,,15330,9,0,17 18,1,80,,15331,9,0,17 18,1,40,,15332,9,0,17 18,1
1000800,'3403',1844,,15333,34,,,1,75,,15334,34,,,1,35,,15335,34,,,1,75,,15336,34,,,1,75,,15337,34,,,1,35,,15338,34,,,1,75,,15339,34,,,1,35,,15340,34,,,1,75,,15341,34,,,1,35,,15342,34,,,1,75,,15343,34,,,1,75,,15344,34,,,1
1119800,'14802',2547,,15357,15,,,1,70,,15358,15,,,1
1119800,'8001',2547,,15360,15,,,1,70,,15359,15,,,1
21005801,'12701',734,,15666,6,0,14 24,1,20,,15667,6,0,14 24,1,60,,15668,6,0,14 24,1,20,,15669,6,0,14 24,1,20,,15670,6,0,14 24,1,60,,15671,6,0,14 24,1,20,,15672,6,0,14 24,1,20,,15673,6,0,14 24,1,60,,15674,6,0,14 24,1,20,,15675,6,0,14 24,1,20,,15676,6,0,14 24,1,60,,15677,6,0,14 24,1,20,,15678,6,0,14 24,1,20,,15679,6,0,14 24,1,60,,15680,6,0,14 24,1,20,,15681,6,0,14 24,1,20,,15682,6,0,14 24,1,60,,15683,6,0,14 24,1,20,,15684,6,0,14 24,1,20,,15685,6,0,14 24,1,60,,15686,6,0,14 24,1,20,,15687,6,0,14 24,1,20,,15688,6,0,14 24,1,60,,15689,6,0,14 24,1,20,,15690,6,0,14 24,1,20,,15691,6,0,14 24,1,60,,15692,6,0,14 24,1,20,,15693,6,0,14 24,1,20,,15694,6,0,14 24,1,60,,15695,6,0,14 24,1,20,,15696,6,0,14 24,1,20,,15697,6,0,14 24,1,59,,15698,6,0,14 24,1,20,,15699,6,0,14 24,1,20,,15700,6,0,14 24,1,60,,15701,6,0,14 24,1,20,,15702,6,0,14 24,1,20,,15703,6,0,14 24,1,60,,15704,6,0,14 24,1,20,,15705,6,0,14 24,1,20,,15706,6,0,14 24,1,60,,15707,6,0,14 24,1
