100,'1',603,,10189,5,0,24 23,1,30,,10190,5,0,24 23,1,70,,10191,5,0,24 23,1,30,,10192,5,0,24 23,1,70,,10193,5,0,24 23,1,30,,10194,5,0,24 23,1,70,,10195,5,0,24 23,1,30,,10196,5,0,24 23,1,70,,10197,5,0,24 23,1,30,,10198,5,0,24 23,1,70,,10199,5,0,24 23,1,30,,10200,5,0,24 23,1,70,,10201,5,0,24 23,1,30,,10202,5,0,24 23,1,70,,10203,5,0,24 23,1,30,,10204,5,0,24 23,1,70,,10205,5,0,24 23,1,30,,10206,5,0,24 23,1,70,,10207,5,0,24 23,1,30,,10208,5,0,24 23,1,70,,10209,5,0,24 23,1,30,,10210,5,0,24 23,1,70,,10211,5,0,24 23,1,30,,10212,5,0,24 23,1,70,,10213,5,0,24 23,1,30,,10214,5,0,24 23,1,70,,10215,5,0,24 23,1,30,,10216,5,0,24 23,1,70,,10217,5,0,24 23,1,30,,10218,5,0,24 23,1,70,,10219,5,0,24 23,1,30,,10220,5,0,24 23,1,70,,10221,5,0,24 23,1,30,,10222,5,0,24 23,1,70,,10223,5,0,24 23,1,30,,10224,5,0,24 23,1,70,,10225,5,0,24 23,1,30,,10226,5,0,24 23,1
100,'2',603,,10227,5,0,24 23,1,30,,10228,5,0,24 23,1,70,,10229,5,0,24 23,1,30,,10230,5,0,24 23,1,70,,10231,5,0,24 23,1,30,,10232,5,0,24 23,1,70,,10233,5,0,24 23,1,30,,10234,5,0,24 23,1,70,,10235,5,0,24 23,1,30,,10236,5,0,24 23,1,70,,10237,5,0,24 23,1,30,,10238,5,0,24 23,1,70,,10239,5,0,24 23,1,30,,10240,5,0,24 23,1,70,,10241,5,0,24 23,1,30,,10242,5,0,24 23,1,70,,10243,5,0,24 23,1,30,,10244,5,0,24 23,1,70,,10245,5,0,24 23,1,30,,10246,5,0,24 23,1,70,,10247,5,0,24 23,1,30,,10248,5,0,24 23,1,70,,10249,5,0,24 23,1,30,,10250,5,0,24 23,1,70,,10251,5,0,24 23,1,30,,10252,5,0,24 23,1,70,,10253,5,0,24 23,1,30,,10254,5,0,24 23,1,70,,10255,5,0,24 23,1,30,,10256,5,0,24 23,1,70,,10257,5,0,24 23,1,30,,10258,5,0,24 23,1,70,,10259,5,0,24 23,1,30,,10260,5,0,24 23,1,70,,10261,5,0,24 23,1,30,,10262,5,0,24 23,1,70,,10263,5,0,24 23,1,30,,10264,5,0,24 23,1
100,'3',933,,10265,5,0,24 23,1,70,,10266,5,0,24 23,1,30,,10267,5,0,24 23,1,70,,10268,5,0,24 23,1,30,,10269,5,0,24 23,1,70,,10270,5,0,24 23,1,30,,10271,5,0,24 23,1,70,,10272,5,0,24 23,1,30,,10273,5,0,24 23,1,70,,10274,5,0,24 23,1,30,,10275,5,0,24 23,1,70,,10276,5,0,24 23,1,30,,10277,5,0,24 23,1,70,,10278,5,0,24 23,1,30,,10279,5,0,24 23,1,70,,10280,5,0,24 23,1,30,,10281,5,0,24 23,1,70,,10282,5,0,24 23,1,30,,10283,5,0,24 23,1,70,,10284,5,0,24 23,1
700,'1',603,,11503,5,0,28,1,30,,11502,5,0,28,1,70,,11501,5,0,28,1,20,,11500,5,0,28,1,20,,11499,5,0,28,1,60,,11498,5,0,28,1,20,,11497,5,0,28,1,20,,11496,5,0,28,1,60,,11495,5,0,28,1,20,,11494,5,0,28,1,20,,11493,5,0,28,1,60,,11492,5,0,28,1,30,,11491,5,0,28,1,70,,11490,5,0,28,1,30,,11489,5,0,28,1,70,,11488,5,0,28,1,30,,11487,5,0,28,1,70,,11486,5,0,28,1,30,,11485,5,0,28,1,71,,11484,5,0,28,1,20,,11483,5,0,28,1,20,,11482,5,0,28,1,60,,11481,5,0,28,1,20,,11480,5,0,28,1,20,,11479,5,0,28,1,60,,11478,5,0,28,1,20,,11477,5,0,28,1,20,,11476,5,0,28,1,60,,11475,5,0,28,1,20,,11474,5,0,28,1,20,,11473,5,0,28,1,59,,11472,5,0,28,1,30,,11471,5,0,28,1,70,,11470,5,0,28,1,30,,11469,5,0,28,1,70,,11468,5,0,28,1,30,,11467,5,0,28,1,70,,11466,5,0,28,1,30,,11465,5,0,28,1,70,,11464,5,0,28,1,30,,11463,5,0,28,1,70,,11462,5,0,28,1,30,,11461,5,0,28,1,70,,11460,5,0,28,1,30,,11458,5,0,28,1
700,'2',603,,11541,5,0,28,1,30,,11540,5,0,28,1,70,,11539,5,0,28,1,30,,11538,5,0,28,1,70,,11537,5,0,28,1,30,,11536,5,0,28,1,70,,11535,5,0,28,1,30,,11534,5,0,28,1,70,,11533,5,0,28,1,30,,11532,5,0,28,1,70,,11531,5,0,28,1,30,,11530,5,0,28,1,70,,11529,5,0,28,1,30,,11528,5,0,28,1,70,,11527,5,0,28,1,30,,11526,5,0,28,1,70,,11525,5,0,28,1,30,,11524,5,0,28,1,70,,11523,5,0,28,1,30,,11522,5,0,28,1,70,,11521,5,0,28,1,30,,11520,5,0,28,1,70,,11519,5,0,28,1,30,,11518,5,0,28,1,70,,11517,5,0,28,1,30,,11516,5,0,28,1,70,,11515,5,0,28,1,30,,11514,5,0,28,1,70,,11513,5,0,28,1,30,,11512,5,0,28,1,70,,11511,5,0,28,1,30,,11510,5,0,28,1,70,,11509,5,0,28,1,30,,11508,5,0,28,1,70,,11507,5,0,28,1,30,,11506,5,0,28,1,70,,11505,5,0,28,1,30,,11504,5,0,28,1
700,'3',933,,11544,5,0,28,1,70,,11545,5,0,28,1,30,,11546,5,0,28,1,70,,11547,5,0,28,1,30,,11548,5,0,28,1,70,,11549,5,0,28,1,30,,11550,5,0,28,1,70,,11551,5,0,28,1,30,,11552,5,0,28,1,70,,11553,5,0,28,1,30,,11554,5,0,28,1,70,,11555,5,0,28,1,30,,11556,5,0,28,1,70,,11557,5,0,28,1,30,,11558,5,0,28,1,70,,11559,5,0,28,1,30,,11560,5,0,28,1,70,,11561,5,0,28,1,30,,11562,5,0,28,1,70,,11563,5,0,28,1
9901,'1',553,,14917,5,,,1,50,,14918,13,,,1,10,,14919,13,,,1,10,,14920,25,,,1,10,,14921,25,,,1,10,,14922,25,,,1,10,,14923,25,,,1,50,,14924,25,,,1,10,,14925,25,,,1,10,,14926,25,,,1,6,,15029,5,,,1,4,,14927,25,,,1,10,,14928,25,,,1,10,,14929,25,,,1,6,,15030,5,,,1,44,,14930,25,,,1,10,,14931,25,,,1,10,,14932,25,,,1,6,,15031,5,,,1,4,,14933,25,,,1,10,,14934,25,,,1,10,,14935,25,,,1,6,,15032,5,,,1,44,,14936,25,,,1,10,,14937,25,,,1,10,,14938,25,,,1,6,,15033,5,,,1,4,,14939,25,,,1,10,,14940,25,,,1,10,,14941,25,,,1,6,,15034,5,,,1,44,,14942,25,,,1,10,,14943,25,,,1,10,,14944,25,,,1,6,,15035,5,,,1,4,,14945,25,,,1,5,,15036,5,,,1,5,,14946,25,,,1,10,,14947,25,,,1,50,,14948,25,,,1,5,,15037,5,,,1,5,,14949,25,,,1,10,,14950,25,,,1,10,,14951,25,,,1,5,,15038,5,,,1,5,,14952,25,,,1,10,,14953,25,,,1,50,,14954,25,,,1,5,,15039,5,,,1,5,,14955,25,,,1,10,,14956,25,,,1,10,,14957,25,,,1,5,,15040,5,,,1,5,,14958,25,,,1,10,,14959,25,,,1,50,,14960,25,,,1,5,,15041,5,,,1,5,,14961,25,,,1,10,,14962,25,,,1,10,,14963,25,,,1,5,,15042,5,,,1,5,,14964,25,,,1,10,,14965,25,,,1,50,,14966,25,,,1,5,,15043,5,,,1,5,,14967,25,,,1,10,,14968,25,,,1,6,,15044,5,,,1,4,,14969,25,,,1,5,,15045,5,,,1,5,,14970,25,,,1,10,,14971,25,,,1,6,,15046,5,,,1,44,,14972,25,,,1,5,,15047,5,,,1,5,,14973,25,,,1,10,,14974,25,,,1,6,,15048,5,,,1,4,,14975,25,,,1,5,,15049,5,,,1,5,,14976,25,,,1,10,,14977,25,,,1,6,,15050,5,,,1,44,,14978,25,,,1,5,,15051,5,,,1,5,,14979,25,,,1,10,,14980,25,,,1,6,,15052,5,,,1,4,,14981,25,,,1,5,,15053,5,,,1,5,,14982,25,,,1,10,,14983,25,,,1,6,,15054,5,,,1,44,,14984,25,,,1,5,,15055,5,,,1,5,,14985,25,,,1,10,,14986,25,,,1,6,,15056,5,,,1,4,,14987,25,,,1,10,,14988,25,,,1,10,,14989,25,,,1,6,,15057,5,,,1,44,,14990,25,,,1,10,,14991,25,,,1,10,,14992,25,,,1,10,,14993,25,,,1,10,,14994,25,,,1,10,,14995,25,,,1,50,,14996,25,,,1,10,,14997,25,,,1,10,,14998,25,,,1,10,,14999,25,,,1,10,,15000,25,,,1,10,,15001,25,,,1,50,,15002,25,,,1,10,,15003,25,,,1,10,,15004,25,,,1,10,,15005,25,,,1,10,,15006,25,,,1,10,,15007,25,,,1,50,,15008,25,,,1,10,,15009,25,,,1,10,,15010,25,,,1,10,,15011,25,,,1,10,,15012,25,,,1,10,,15013,25,,,1,50,,15014,25,,,1,10,,15015,25,,,1,10,,15016,25,,,1,10,,15017,25,,,1,15,,15019,13,,,1,55,,15020,25,,,1,15,,15021,13,,,1,15,,15022,25,,,1,15,,15023,13,,,1,55,,15024,25,,,1,15,,15025,13,,,1,15,,15026,25,,,1
9901,'2',548,,15149,5,,,1,55,,15148,13,,,1,15,,15146,13,,,1,15,,15147,25,,,1,15,,15144,13,,,1,55,,15145,25,,,1,15,,15142,13,,,1,15,,15143,25,,,1,15,,15140,13,,,1,55,,15141,25,,,1,15,,15138,13,,,1,15,,15139,25,,,1,15,,15136,13,,,1,55,,15137,25,,,1,15,,15134,13,,,1,15,,15135,25,,,1,15,,15132,13,,,1,55,,15133,25,,,1,15,,15130,13,,,1,15,,15131,25,,,1,15,,15128,13,,,1,55,,15129,25,,,1,15,,15126,13,,,1,15,,15127,25,,,1,15,,15124,13,,,1,55,,15125,25,,,1,15,,15122,13,,,1,15,,15123,25,,,1,15,,15120,13,,,1,55,,15121,25,,,1,15,,15118,13,,,1,15,,15119,25,,,1,15,,15116,13,,,1,55,,15117,25,,,1,15,,15114,13,,,1,15,,15115,25,,,1,15,,15150,13,,,1,55,,15113,25,,,1,15,,15111,13,,,1,15,,15151,5,,,1,15,,15109,13,,,1,55,,15110,25,,,1,15,,15107,13,,,1,15,,15108,25,,,1,15,,15105,13,,,1,55,,15106,25,,,1,15,,15103,13,,,1,15,,15104,25,,,1,15,,15101,13,,,1,55,,15102,25,,,1,15,,15099,13,,,1,15,,15100,25,,,1,15,,15097,13,,,1,55,,15098,25,,,1,15,,15095,13,,,1,15,,15096,25,,,1,15,,15093,13,,,1,55,,15094,25,,,1,15,,15091,13,,,1,15,,15092,25,,,1,15,,15089,13,,,1,55,,15090,25,,,1,15,,15087,13,,,1,15,,15088,25,,,1,15,,15085,13,,,1,55,,15086,25,,,1,15,,15083,13,,,1,15,,15084,25,,,1,15,,15081,13,,,1,55,,15082,25,,,1,15,,15079,13,,,1,15,,15080,25,,,1,15,,15077,13,,,1,55,,15078,25,,,1,15,,15075,13,,,1,15,,15076,25,,,1
9901,'3',733,,15152,13,,,1,15,,15153,13,,,1,55,,15154,25,,,1,15,,15155,13,,,1,15,,15156,25,,,1,15,,15157,13,,,1,55,,15158,25,,,1,15,,15159,13,,,1,15,,15160,25,,,1,15,,15161,13,,,1,55,,15162,25,,,1,15,,15163,13,,,1,15,,15164,25,,,1,15,,15165,13,,,1,55,,15166,25,,,1,15,,15167,13,,,1,15,,15168,25,,,1,15,,15169,13,,,1,55,,15170,25,,,1,15,,15171,13,,,1,15,,15172,25,,,1,15,,15173,13,,,1,55,,15174,25,,,1,15,,15175,13,,,1,15,,15176,25,,,1,15,,15177,13,,,1,55,,15178,25,,,1,15,,15179,13,,,1,15,,15180,25,,,1,15,,15181,13,,,1,55,,15182,25,,,1,15,,15183,13,,,1,15,,15184,25,,,1,15,,15185,13,,,1,55,,15186,25,,,1,15,,15187,13,,,1,15,,15188,25,,,1,15,,15189,13,,,1,55,,15190,25,,,1,15,,15191,13,,,1,15,,15192,25,,,1,15,,15193,13,,,1,55,,15194,25,,,1,15,,15195,13,,,1,15,,15196,25,,,1,15,,15197,13,,,1,55,,15198,25,,,1,15,,15199,13,,,1,15,,15200,25,,,1,15,,15201,13,,,1,55,,15202,25,,,1,15,,15203,13,,,1,15,,15204,25,,,1,15,,15205,13,,,1,55,,15206,25,,,1,15,,15207,13,,,1,15,,15208,25,,,1,15,,15209,13,,,1,55,,15210,25,,,1,15,,15211,13,,,1,15,,15212,25,,,1
9901,'7',933,,15214,13,,,1,70,,15215,25,,,1,30,,15216,25,,,1,70,,15217,25,,,1,30,,15218,25,,,1,70,,15219,25,,,1,30,,15220,25,,,1,70,,15221,25,,,1,30,,15222,25,,,1,70,,15223,25,,,1,30,,15224,25,,,1,70,,15225,25,,,1,30,,15226,25,,,1,70,,15227,25,,,1,30,,15228,25,,,1,70,,15229,25,,,1,30,,15230,25,,,1,70,,15231,25,,,1,30,,15232,25,,,1,70,,15233,25,,,1
1000600,'14802',2514,,15293,4,0,24 29,1,20,,15294,4,0,24 29,1,20,,15295,4,0,24 29,1,60,,15296,4,0,24 29,1,20,,15297,4,0,24 29,1
1000600,'7901',2534,,15298,4,0,24 29,1,80,,15299,4,0,24 29,1
1000600,'8001',2514,,15300,4,0,24 29,1,40,,15301,4,0,24 29,1,80,,15302,4,0,24 29,1
1000800,'3403',1818,,15333,5,,,1,35,,15334,5,,,1,75,,15335,5,,,1,75,,15336,5,,,1,35,,15337,5,,,1,75,,15338,5,,,1,35,,15339,5,,,1,75,,15340,5,,,1,35,,15341,5,,,1,75,,15342,5,,,1,75,,15343,5,,,1,35,,15344,5,,,1
1119801,'14802',2528,,15361,13,,,1,30,,15362,13,,,1,70,,15363,13,,,1,30,,15364,13,,,1
1119801,'8001',2528,,15365,13,,,1,30,,15366,13,,,1,70,,15367,13,,,1,30,,15368,13,,,1
21005200,'12701',713,,15481,4,0,14 30,1,20,,15482,4,0,14 30,1,20,,15483,4,0,14 30,1,60,,15484,4,0,14 30,1,20,,15485,4,0,14 30,1,20,,15486,4,0,14 30,1,60,,15487,4,0,14 30,1,20,,15488,4,0,14 30,1,20,,15489,4,0,14 30,1,60,,15490,4,0,14 30,1,20,,15511,4,0,14 30,1,20,,15512,4,0,14 30,1,60,,15491,4,0,14 30,1,20,,15492,4,0,14 30,1,20,,15493,4,0,14 30,1,60,,15494,4,0,14 30,1,20,,15495,4,0,14 30,1,20,,15496,4,0,14 30,1,60,,15497,4,0,14 30,1,20,,15498,4,0,14 30,1,20,,15499,4,0,14 30,1,60,,15500,4,0,14 30,1,20,,15501,4,0,14 30,1,20,,15502,4,0,14 30,1,60,,15503,4,0,14 30,1,20,,15504,4,0,14 30,1,20,,15505,4,0,14 30,1,60,,15506,4,0,14 30,1,20,,15507,4,0,14 30,1,20,,15508,4,0,14 30,1,60,,15509,4,0,14 30,1,20,,15510,4,0,14 30,1
21005600,'12701',714,,15569,4,0,14 29,1,20,,15570,4,0,14 29,1,20,,15571,4,0,14 29,1,60,,15572,4,0,14 29,1,20,,15573,4,0,14 29,1,20,,15574,4,0,14 29,1,60,,15575,4,0,14 29,1,20,,15568,4,0,14 29,1,20,,15545,4,0,14 29,1,60,,15567,4,0,14 29,1,20,,15566,4,0,14 29,1,20,,15565,4,0,14 29,1,60,,15564,4,0,14 29,1,20,,15563,4,0,14 29,1,20,,15562,4,0,14 29,1,60,,15561,4,0,14 29,1,20,,15560,4,0,14 29,1,20,,15559,4,0,14 29,1,60,,15558,4,0,14 29,1,20,,15557,4,0,14 29,1,21,,15556,4,0,14 29,1,60,,15555,4,0,14 29,1,20,,15554,4,0,14 29,1,20,,15553,4,0,14 29,1,60,,15552,4,0,14 29,1,20,,15551,4,0,14 29,1,20,,15550,4,0,14 29,1,60,,15549,4,0,14 29,1,20,,15548,4,0,14 29,1,20,,15547,4,0,14 29,1,60,,15546,4,0,14 29,1,20,,15576,4,0,14 29,1,19,,15577,4,0,14 29,1,65,,15578,4,0,14 29,1,30,,15579,4,0,14 29,1,70,,15580,4,0,14 29,1,30,,15581,4,0,14 29,1,70,,15582,4,0,14 29,1,30,,15583,4,0,14 29,1
