501,'1',550,,11114,10,0,22,1,70,,11115,10,0,22,1,30,,11116,10,0,22,1,77,,11117,10,0,22,1,15,,11118,10,0,22,1,15,,11119,10,0,22,1,55,,11120,10,0,22,1,15,,11121,10,0,22,1,15,,11122,10,0,22,1,15,,11123,10,0,22,1,55,,11124,10,0,22,1,15,,11125,10,0,22,1,15,,11126,10,0,22,1,15,,11127,10,0,22,1,55,,11128,10,0,22,1,15,,11129,10,0,22,1,15,,11130,10,0,22,1,15,,11131,10,0,22,1,55,,11132,10,0,22,1,15,,11133,10,0,22,1,15,,11134,10,0,22,1,15,,11135,10,0,22,1,55,,11136,10,0,22,1,15,,11137,10,0,22,1,15,,11138,10,0,22,1,15,,11139,10,0,22,1,55,,11140,10,0,22,1,15,,11141,10,0,22,1,15,,11142,10,0,22,1,15,,11143,10,0,22,1,55,,11144,10,0,22,1,15,,11145,10,0,22,1,15,,11146,10,0,22,1,15,,11147,10,0,22,1,55,,11148,10,0,22,1,15,,11149,10,0,22,1,15,,11150,10,0,22,1,15,,11151,10,0,22,1,55,,11152,10,0,22,1,15,,11153,10,0,22,1,15,,11154,10,0,22,1,15,,11155,10,0,22,1,55,,11156,10,0,22,1,15,,11157,10,0,22,1,15,,11158,10,0,22,1,15,,11159,10,0,22,1,55,,11160,10,0,22,1,15,,11161,10,0,22,1,15,,11162,10,0,22,1,15,,11163,10,0,22,1,55,,11164,10,0,22,1,15,,11165,10,0,22,1,15,,11166,10,0,22,1,15,,11167,10,0,22,1,55,,11168,10,0,22,1,15,,11169,10,0,22,1,15,,11170,10,0,22,1,15,,11171,10,0,22,1,55,,11172,10,0,22,1,15,,11173,10,0,22,1,23,,11174,10,0,22,1,70,,11175,10,0,22,1,30,,11176,10,0,22,1,70,,11177,10,0,22,1,30,,11178,10,0,22,1,70,,11179,10,0,22,1
501,'2',550,,11180,10,0,22,1,70,,11181,10,0,22,1,30,,11182,10,0,22,1,77,,11183,10,0,22,1,20,,11184,10,0,22,1,60,,11185,10,0,22,1,20,,11186,10,0,22,1,20,,11187,10,0,22,1,60,,11188,10,0,22,1,20,,11189,10,0,22,1,20,,11190,10,0,22,1,60,,11191,10,0,22,1,20,,11192,10,0,22,1,20,,11193,10,0,22,1,60,,11194,10,0,22,1,20,,11195,10,0,22,1,20,,11196,10,0,22,1,60,,11197,10,0,22,1,20,,11198,10,0,22,1,20,,11199,10,0,22,1,60,,11200,10,0,22,1,20,,11201,10,0,22,1,20,,11202,10,0,22,1,60,,11203,10,0,22,1,20,,11204,10,0,22,1,20,,11205,10,0,22,1,60,,11206,10,0,22,1,20,,11207,10,0,22,1,20,,11208,10,0,22,1,60,,11209,10,0,22,1,20,,11210,10,0,22,1,20,,11211,10,0,22,1,60,,11212,10,0,22,1,20,,11213,10,0,22,1,20,,11214,10,0,22,1,60,,11215,10,0,22,1,13,,11216,10,0,22,1,30,,11217,10,0,22,1,70,,11218,10,0,22,1,30,,11219,10,0,22,1,70,,11220,10,0,22,1,30,,11221,10,0,22,1,70,,11222,10,0,22,1,30,,11223,10,0,22,1,70,,11224,10,0,22,1,30,,11225,10,0,22,1,70,,11226,10,0,22,1,30,,11227,10,0,22,1,70,,11228,10,0,22,1
501,'3',919,,11229,10,0,22,1,30,,11230,10,0,22,1,70,,11231,10,0,22,1,30,,11232,10,0,22,1,70,,11233,10,0,22,1,30,,11234,10,0,22,1,70,,11235,10,0,22,1,30,,11236,10,0,22,1,70,,11237,10,0,22,1,30,,11238,10,0,22,1,70,,11239,10,0,22,1,30,,11240,10,0,22,1,70,,11241,10,0,22,1,30,,11242,10,0,22,1,70,,11243,10,0,22,1,30,,11244,10,0,22,1,70,,11245,10,0,22,1,30,,11246,10,0,22,1,70,,11247,10,0,22,1,30,,11248,10,0,22,1
9900,'1',549,,14602,6,,,1,10,,14603,6,,,1,50,,14604,6,,,1,10,,14605,6,,,1,10,,14606,6,,,1,10,,14607,6,,,1,10,,14608,6,,,1,10,,14609,6,,,1,50,,14610,6,,,1,10,,14611,6,,,1,10,,14612,6,,,1,10,,14613,6,,,1,6,,14711,6,,,1,4,,14614,6,,,1,10,,14615,6,,,1,50,,14616,6,,,1,6,,14712,6,,,1,4,,14617,6,,,1,10,,14618,6,,,1,10,,14619,6,,,1,6,,14713,6,,,1,4,,14620,6,,,1,10,,14621,6,,,1,50,,14622,6,,,1,6,,14714,6,,,1,4,,14623,6,,,1,10,,14624,6,,,1,10,,14625,6,,,1,6,,14715,6,,,1,4,,14626,6,,,1,10,,14627,6,,,1,50,,14628,6,,,1,6,,14716,6,,,1,4,,14629,6,,,1,10,,14630,6,,,1,10,,14631,6,,,1,6,,14717,6,,,1,4,,14632,6,,,1,5,,14718,6,,,1,5,,14633,6,,,1,50,,14634,6,,,1,10,,14635,6,,,1,5,,14719,6,,,1,5,,14636,6,,,1,10,,14637,6,,,1,10,,14638,6,,,1,5,,14720,6,,,1,5,,14639,6,,,1,50,,14640,6,,,1,10,,14641,6,,,1,5,,14721,6,,,1,5,,14642,6,,,1,10,,14643,6,,,1,10,,14644,6,,,1,5,,14722,6,,,1,5,,14645,6,,,1,50,,14646,6,,,1,10,,14647,6,,,1,5,,14723,6,,,1,5,,14648,6,,,1,10,,14649,6,,,1,10,,14650,6,,,1,5,,14724,6,,,1,5,,14651,6,,,1,50,,14652,6,,,1,10,,14653,6,,,1,5,,14725,6,,,1,5,,14654,6,,,1,10,,14655,6,,,1,6,,14726,6,,,1,4,,14656,6,,,1,5,,14727,6,,,1,5,,14657,6,,,1,50,,14658,6,,,1,6,,14728,6,,,1,4,,14660,6,,,1,5,,14729,6,,,1,5,,14661,6,,,1,10,,14662,6,,,1,6,,14730,6,,,1,4,,14663,6,,,1,5,,14731,6,,,1,5,,14664,6,,,1,50,,14665,6,,,1,6,,14732,6,,,1,4,,14666,6,,,1,5,,14733,6,,,1,5,,14667,6,,,1,10,,14668,6,,,1,6,,14734,6,,,1,4,,14669,6,,,1,5,,14735,6,,,1,5,,14670,6,,,1,50,,14671,6,,,1,6,,14736,6,,,1,4,,14672,6,,,1,5,,14737,6,,,1,5,,14673,6,,,1,10,,14674,6,,,1,6,,14738,6,,,1,4,,14675,6,,,1,10,,14676,6,,,1,50,,14677,6,,,1,6,,14739,6,,,1,4,,14678,6,,,1,10,,14679,6,,,1,10,,14680,6,,,1,10,,14681,6,,,1,10,,14682,6,,,1,50,,14683,6,,,1,10,,14684,6,,,1,10,,14685,6,,,1,10,,14686,6,,,1,10,,14687,6,,,1,10,,14688,6,,,1,50,,14689,6,,,1,10,,14690,6,,,1,10,,14691,6,,,1,10,,14692,6,,,1,10,,14693,6,,,1,10,,14694,6,,,1,50,,14695,6,,,1,10,,14696,6,,,1,15,,14697,6,,,1,15,,14698,6,,,1,55,,14699,6,,,1,15,,14700,6,,,1,15,,14701,6,,,1,15,,14702,6,,,1,55,,14703,6,,,1,15,,14704,6,,,1,15,,14705,6,,,1,15,,14706,6,,,1,55,,14707,6,,,1,15,,14708,6,,,1,15,,14709,6,,,1,15,,14710,6,,,1
9900,'2',549,,14830,6,,,1,55,,14827,6,,,1,15,,14828,6,,,1,15,,14825,6,,,1,15,,14826,6,,,1,55,,14823,6,,,1,15,,14824,6,,,1,15,,14821,6,,,1,15,,14822,6,,,1,55,,14819,6,,,1,15,,14820,6,,,1,15,,14817,6,,,1,15,,14818,6,,,1,55,,14815,6,,,1,15,,14816,6,,,1,15,,14813,6,,,1,15,,14814,6,,,1,55,,14811,6,,,1,15,,14812,6,,,1,15,,14809,6,,,1,15,,14810,6,,,1,55,,14807,6,,,1,15,,14808,6,,,1,15,,14805,6,,,1,15,,14806,6,,,1,55,,14803,6,,,1,15,,14804,6,,,1,15,,14801,6,,,1,15,,14802,6,,,1,55,,14799,6,,,1,15,,14800,6,,,1,15,,14797,6,,,1,15,,14798,6,,,1,55,,14796,6,,,1,15,,14794,6,,,1,15,,14793,6,,,1,15,,14795,6,,,1,55,,14832,6,,,1,15,,14792,6,,,1,15,,14790,6,,,1,15,,14791,6,,,1,55,,14788,6,,,1,15,,14789,6,,,1,15,,14786,6,,,1,15,,14787,6,,,1,55,,14784,6,,,1,15,,14785,6,,,1,15,,14782,6,,,1,15,,14783,6,,,1,55,,14780,6,,,1,15,,14781,6,,,1,15,,14778,6,,,1,15,,14779,6,,,1,55,,14777,6,,,1,15,,14775,6,,,1,15,,14774,6,,,1,15,,14776,6,,,1,55,,14772,6,,,1,15,,14773,6,,,1,15,,14770,6,,,1,15,,14771,6,,,1,55,,14768,6,,,1,15,,14769,6,,,1,15,,14766,6,,,1,15,,14767,6,,,1,55,,14765,6,,,1,15,,14764,6,,,1,15,,14762,6,,,1,15,,14763,6,,,1,55,,14760,6,,,1,15,,14761,6,,,1,15,,14759,6,,,1,15,,14756,6,,,1,55,,14758,6,,,1,15,,14757,6,,,1,15,,14755,6,,,1
9900,'3',719,,14836,6,,,1,15,,14837,6,,,1,15,,14838,6,,,1,55,,14839,6,,,1,15,,14840,6,,,1,15,,14841,6,,,1,15,,14842,6,,,1,55,,14843,6,,,1,15,,14844,6,,,1,15,,14845,6,,,1,15,,14846,6,,,1,55,,14847,6,,,1,15,,14848,6,,,1,15,,14849,6,,,1,15,,14850,6,,,1,55,,14851,6,,,1,15,,14852,6,,,1,15,,14853,6,,,1,15,,14854,6,,,1,55,,14855,6,,,1,15,,14856,6,,,1,15,,14857,6,,,1,15,,14858,6,,,1,55,,14859,6,,,1,15,,14860,6,,,1,15,,14861,6,,,1,15,,14862,6,,,1,55,,14863,6,,,1,15,,14864,6,,,1,15,,14865,6,,,1,15,,14866,6,,,1,55,,14867,6,,,1,15,,14868,6,,,1,15,,14869,6,,,1,15,,14870,6,,,1,55,,14871,6,,,1,15,,14872,6,,,1,15,,14873,6,,,1,15,,14874,6,,,1,55,,14875,6,,,1,15,,14876,6,,,1,15,,14877,6,,,1,15,,14878,6,,,1,55,,14879,6,,,1,15,,14880,6,,,1,15,,14881,6,,,1,15,,14882,6,,,1,55,,14883,6,,,1,15,,14884,6,,,1,15,,14885,6,,,1,15,,14886,6,,,1,55,,14887,6,,,1,15,,14888,6,,,1,15,,14889,6,,,1,15,,14890,6,,,1,55,,14891,6,,,1,15,,14892,6,,,1,15,,14893,6,,,1,15,,14894,6,,,1,55,,14895,6,,,1
9900,'7',919,,14916,6,,,1,30,,14915,6,,,1,70,,14914,6,,,1,30,,14913,6,,,1,70,,14912,6,,,1,30,,14911,6,,,1,70,,14910,6,,,1,30,,14909,6,,,1,70,,14908,6,,,1,30,,14907,6,,,1,70,,14906,6,,,1,30,,14905,6,,,1,70,,14904,6,,,1,30,,14903,6,,,1,70,,14902,6,,,1,30,,14901,6,,,1,70,,14900,6,,,1,30,,14899,6,,,1,70,,14898,6,,,1,30,,14897,6,,,1
1000800,'3403',1835,,15333,24,,,1,75,,15334,24,,,1,35,,15335,24,,,1,75,,15336,24,,,1,35,,15337,24,,,1,75,,15338,24,,,1,75,,15339,24,,,1,35,,15340,24,,,1,75,,15341,24,,,1,35,,15342,24,,,1,75,,15343,24,,,1,75,,15344,24,,,1
1119800,'14802',2540,,15357,6,,,1,70,,15358,6,,,1
1119800,'8001',2540,,15360,6,,,1,70,,15359,6,,,1
