101,'1',551,,10285,11,0,24 23,1,70,,10286,10,0,24 23,1,30,,10287,10,0,24 23,1,70,,10288,10,0,24 23,1,30,,10289,10,0,24 23,1,70,,10290,10,0,24 23,1,30,,10291,10,0,24 23,1,70,,10292,10,0,24 23,1,30,,10293,10,0,24 23,1,70,,10294,10,0,24 23,1,30,,10295,10,0,24 23,1,70,,10296,10,0,24 23,1,30,,10297,10,0,24 23,1,70,,10298,10,0,24 23,1,30,,10299,10,0,24 23,1,70,,10300,10,0,24 23,1,30,,10301,10,0,24 23,1,70,,10302,10,0,24 23,1,30,,10303,10,0,24 23,1,70,,10304,10,0,24 23,1,30,,10305,10,0,24 23,1,70,,10306,10,0,24 23,1,30,,10307,10,0,24 23,1,70,,10308,10,0,24 23,1,30,,10309,10,0,24 23,1,70,,10310,10,0,24 23,1,30,,10311,10,0,24 23,1,70,,10312,10,0,24 23,1,30,,10313,10,0,24 23,1,70,,10314,10,0,24 23,1,30,,10315,10,0,24 23,1,70,,10316,10,0,24 23,1,30,,10317,10,0,24 23,1,70,,10318,10,0,24 23,1,30,,10319,10,0,24 23,1,70,,10320,10,0,24 23,1,30,,10321,10,0,24 23,1,70,,10322,10,0,24 23,1
101,'2',551,,10323,11,0,24 23,1,70,,10324,10,0,24 23,1,30,,10325,10,0,24 23,1,70,,10326,10,0,24 23,1,30,,10327,10,0,24 23,1,70,,10328,10,0,24 23,1,30,,10329,10,0,24 23,1,70,,10330,10,0,24 23,1,30,,10331,10,0,24 23,1,70,,10332,10,0,24 23,1,30,,10333,10,0,24 23,1,70,,10334,10,0,24 23,1,30,,10335,10,0,24 23,1,70,,10336,10,0,24 23,1,30,,10337,10,0,24 23,1,70,,10338,10,0,24 23,1,30,,10339,10,0,24 23,1,70,,10340,10,0,24 23,1,30,,10341,10,0,24 23,1,70,,10342,10,0,24 23,1,30,,10343,10,0,24 23,1,70,,10344,10,0,24 23,1,30,,10345,10,0,24 23,1,70,,10346,10,0,24 23,1,30,,10347,10,0,24 23,1,70,,10348,10,0,24 23,1,30,,10349,10,0,24 23,1,70,,10350,10,0,24 23,1,30,,10351,10,0,24 23,1,70,,10352,10,0,24 23,1,30,,10353,10,0,24 23,1,70,,10354,10,0,24 23,1,30,,10355,10,0,24 23,1,70,,10356,10,0,24 23,1,30,,10357,10,0,24 23,1,70,,10358,10,0,24 23,1,30,,10359,10,0,24 23,1,70,,10360,10,0,24 23,1
101,'3',921,,10361,11,0,24 23,1,30,,10362,10,0,24 23,1,70,,10363,10,0,24 23,1,30,,10364,10,0,24 23,1,70,,10365,10,0,24 23,1,30,,10366,10,0,24 23,1,70,,10367,10,0,24 23,1,30,,10368,10,0,24 23,1,70,,10369,10,0,24 23,1,30,,10370,10,0,24 23,1,70,,10371,10,0,24 23,1,30,,10372,10,0,24 23,1,70,,10373,10,0,24 23,1,30,,10374,10,0,24 23,1,70,,10375,10,0,24 23,1,30,,10376,10,0,24 23,1,70,,10377,10,0,24 23,1,30,,10378,10,0,24 23,1,70,,10379,10,0,24 23,1,30,,10380,10,0,24 23,1
9901,'1',552,,14918,8,,,1,50,,14919,8,,,1,10,,14920,20,,,1,10,,14921,20,,,1,10,,14922,20,,,1,10,,14923,20,,,1,10,,14924,20,,,1,50,,14925,20,,,1,10,,14926,20,,,1,10,,14927,20,,,1,10,,14928,20,,,1,10,,14929,20,,,1,10,,14930,20,,,1,50,,14931,20,,,1,10,,14932,20,,,1,10,,14933,20,,,1,10,,14934,20,,,1,10,,14935,20,,,1,10,,14936,20,,,1,50,,14937,20,,,1,10,,14938,20,,,1,10,,14939,20,,,1,10,,14940,20,,,1,10,,14941,20,,,1,10,,14942,20,,,1,50,,14943,20,,,1,10,,14944,20,,,1,10,,14945,20,,,1,10,,14946,20,,,1,10,,14947,20,,,1,10,,14948,20,,,1,50,,14949,20,,,1,10,,14950,20,,,1,10,,14951,20,,,1,10,,14952,20,,,1,10,,14953,20,,,1,10,,14954,20,,,1,50,,14955,20,,,1,10,,14956,20,,,1,10,,14957,20,,,1,10,,14958,20,,,1,10,,14959,20,,,1,10,,14960,20,,,1,50,,14961,20,,,1,10,,14962,20,,,1,10,,14963,20,,,1,10,,14964,20,,,1,10,,14965,20,,,1,10,,14966,20,,,1,50,,14967,20,,,1,10,,14968,20,,,1,10,,14969,20,,,1,10,,14970,20,,,1,10,,14971,20,,,1,10,,14972,20,,,1,50,,14973,20,,,1,10,,14974,20,,,1,10,,14975,20,,,1,10,,14976,20,,,1,10,,14977,20,,,1,10,,14978,20,,,1,50,,14979,20,,,1,10,,14980,20,,,1,10,,14981,20,,,1,10,,14982,20,,,1,10,,14983,20,,,1,10,,14984,20,,,1,50,,14985,20,,,1,10,,14986,20,,,1,10,,14987,20,,,1,10,,14988,20,,,1,10,,14989,20,,,1,10,,14990,20,,,1,50,,14991,20,,,1,10,,14992,20,,,1,10,,14993,20,,,1,10,,14994,20,,,1,10,,14995,20,,,1,10,,14996,20,,,1,50,,14997,20,,,1,10,,14998,20,,,1,10,,14999,20,,,1,10,,15000,20,,,1,10,,15001,20,,,1,10,,15002,20,,,1,50,,15003,20,,,1,10,,15004,20,,,1,10,,15005,20,,,1,10,,15006,20,,,1,10,,15007,20,,,1,10,,15008,20,,,1,50,,15009,20,,,1,10,,15010,20,,,1,10,,15011,20,,,1,10,,15012,20,,,1,10,,15013,20,,,1,10,,15014,20,,,1,50,,15015,20,,,1,10,,15016,20,,,1,10,,15017,20,,,1,15,,15019,8,,,1,15,,15020,20,,,1,55,,15021,8,,,1,15,,15022,20,,,1,15,,15023,8,,,1,15,,15024,20,,,1,55,,15025,8,,,1,15,,15026,20,,,1,15,,15027,8,,,1
9901,'2',552,,15148,8,,,1,55,,15146,8,,,1,15,,15147,20,,,1,15,,15144,8,,,1,15,,15145,20,,,1,55,,15142,8,,,1,15,,15143,20,,,1,15,,15140,8,,,1,15,,15141,20,,,1,55,,15138,8,,,1,15,,15139,20,,,1,15,,15136,8,,,1,15,,15137,20,,,1,55,,15134,8,,,1,15,,15135,20,,,1,15,,15132,8,,,1,15,,15133,20,,,1,55,,15130,8,,,1,15,,15131,20,,,1,15,,15128,8,,,1,15,,15129,20,,,1,55,,15126,8,,,1,15,,15127,20,,,1,15,,15124,8,,,1,15,,15125,20,,,1,55,,15122,8,,,1,15,,15123,20,,,1,15,,15120,8,,,1,15,,15121,20,,,1,55,,15118,8,,,1,15,,15119,20,,,1,15,,15116,8,,,1,15,,15117,20,,,1,55,,15114,8,,,1,15,,15115,20,,,1,15,,15150,8,,,1,15,,15113,20,,,1,55,,15111,8,,,1,15,,15112,17,,,1,15,,15109,8,,,1,15,,15110,20,,,1,55,,15107,8,,,1,15,,15108,20,,,1,15,,15105,8,,,1,15,,15106,20,,,1,55,,15103,8,,,1,15,,15104,20,,,1,15,,15101,8,,,1,15,,15102,20,,,1,55,,15099,8,,,1,15,,15100,20,,,1,15,,15097,8,,,1,15,,15098,20,,,1,55,,15095,8,,,1,15,,15096,20,,,1,15,,15093,8,,,1,15,,15094,20,,,1,55,,15091,8,,,1,15,,15092,20,,,1,15,,15089,8,,,1,15,,15090,20,,,1,55,,15087,8,,,1,15,,15088,20,,,1,15,,15085,8,,,1,15,,15086,20,,,1,55,,15083,8,,,1,15,,15084,20,,,1,15,,15081,8,,,1,15,,15082,20,,,1,55,,15079,8,,,1,15,,15080,20,,,1,15,,15077,8,,,1,15,,15078,20,,,1,55,,15075,8,,,1,15,,15076,20,,,1,15,,15073,8,,,1
9901,'3',722,,15152,8,,,1,15,,15153,8,,,1,15,,15154,20,,,1,55,,15155,8,,,1,15,,15156,20,,,1,15,,15157,8,,,1,15,,15158,20,,,1,55,,15159,8,,,1,15,,15160,20,,,1,15,,15161,8,,,1,15,,15162,20,,,1,55,,15163,8,,,1,15,,15164,20,,,1,15,,15165,8,,,1,15,,15166,20,,,1,55,,15167,8,,,1,15,,15168,20,,,1,15,,15169,8,,,1,15,,15170,20,,,1,55,,15171,8,,,1,15,,15172,20,,,1,15,,15173,8,,,1,15,,15174,20,,,1,55,,15175,8,,,1,15,,15176,20,,,1,15,,15177,8,,,1,15,,15178,20,,,1,55,,15179,8,,,1,15,,15180,20,,,1,15,,15181,8,,,1,15,,15182,20,,,1,55,,15183,8,,,1,15,,15184,20,,,1,15,,15185,8,,,1,15,,15186,20,,,1,55,,15187,8,,,1,15,,15188,20,,,1,15,,15189,8,,,1,15,,15190,20,,,1,55,,15191,8,,,1,15,,15192,20,,,1,15,,15193,8,,,1,15,,15194,20,,,1,55,,15195,8,,,1,15,,15196,20,,,1,15,,15197,8,,,1,15,,15198,20,,,1,55,,15199,8,,,1,15,,15200,20,,,1,15,,15201,8,,,1,15,,15202,20,,,1,55,,15203,8,,,1,15,,15204,20,,,1,15,,15205,8,,,1,15,,15206,20,,,1,55,,15207,8,,,1,15,,15208,20,,,1,15,,15209,8,,,1,15,,15210,20,,,1,55,,15211,8,,,1,15,,15212,20,,,1,15,,15213,8,,,1
9901,'7',922,,15214,8,,,1,30,,15215,20,,,1,70,,15216,20,,,1,30,,15217,20,,,1,70,,15218,20,,,1,30,,15219,20,,,1,70,,15220,20,,,1,30,,15221,20,,,1,70,,15222,20,,,1,30,,15223,20,,,1,70,,15224,20,,,1,30,,15225,20,,,1,70,,15226,20,,,1,30,,15227,20,,,1,70,,15228,20,,,1,30,,15229,20,,,1,70,,15230,20,,,1,30,,15231,20,,,1,70,,15232,20,,,1,30,,15233,20,,,1
1000400,'14802',2508,,15234,6,0,33 9 15,1,17,,15235,7,0,33 9 15,1,20,,15236,7,0,33 9 15,1,60,,15237,7,0,33 9 15,1,20,,15238,7,0,33 9 15,1
1000400,'7901',2525,,15239,7,0,33 9 15,1,80,,15240,7,0,33 9 15,1
1000400,'8001',2508,,15241,6,0,33 9 15,1,37,,15242,7,0,33 9 15,1,80,,15243,7,0,33 9 15,1
1000700,'14802',2527,,15314,6,0,17 18,1,20,,15315,6,0,17 18,1,60,,15316,6,0,17 18,1,20,,15317,6,0,17 18,1
1000700,'7901',2527,,15318,6,0,17 18,1,80,,15319,6,0,17 18,1
1000700,'8001',2547,,15321,6,0,17 18,1,80,,15322,6,0,17 18,1
1119801,'14802',2516,,15361,8,,,1,30,,15362,8,,,1,70,,15363,8,,,1,30,,15364,8,,,1
1119801,'8001',2516,,15365,8,,,1,30,,15366,8,,,1,70,,15367,8,,,1,30,,15368,8,,,1
