100,'1',605,,10189,8,0,24 23,1,30,,10190,8,0,24 23,1,70,,10191,8,0,24 23,1,30,,10192,8,0,24 23,1,70,,10193,8,0,24 23,1,30,,10194,8,0,24 23,1,70,,10195,8,0,24 23,1,30,,10196,8,0,24 23,1,70,,10197,8,0,24 23,1,30,,10198,8,0,24 23,1,70,,10199,8,0,24 23,1,30,,10200,8,0,24 23,1,70,,10201,8,0,24 23,1,30,,10202,8,0,24 23,1,70,,10203,8,0,24 23,1,30,,10204,8,0,24 23,1,70,,10205,8,0,24 23,1,30,,10206,8,0,24 23,1,70,,10207,8,0,24 23,1,30,,10208,8,0,24 23,1,70,,10209,8,0,24 23,1,30,,10210,8,0,24 23,1,70,,10211,8,0,24 23,1,30,,10212,8,0,24 23,1,70,,10213,8,0,24 23,1,30,,10214,8,0,24 23,1,70,,10215,8,0,24 23,1,30,,10216,8,0,24 23,1,70,,10217,8,0,24 23,1,30,,10218,8,0,24 23,1,70,,10219,8,0,24 23,1,30,,10220,8,0,24 23,1,70,,10221,8,0,24 23,1,30,,10222,8,0,24 23,1,70,,10223,8,0,24 23,1,30,,10224,8,0,24 23,1,70,,10225,8,0,24 23,1,30,,10226,8,0,24 23,1
100,'2',605,,10227,8,0,24 23,1,30,,10228,8,0,24 23,1,70,,10229,8,0,24 23,1,30,,10230,8,0,24 23,1,70,,10231,8,0,24 23,1,30,,10232,8,0,24 23,1,70,,10233,8,0,24 23,1,30,,10234,8,0,24 23,1,70,,10235,8,0,24 23,1,30,,10236,8,0,24 23,1,70,,10237,8,0,24 23,1,30,,10238,8,0,24 23,1,70,,10239,8,0,24 23,1,30,,10240,8,0,24 23,1,70,,10241,8,0,24 23,1,30,,10242,8,0,24 23,1,70,,10243,8,0,24 23,1,30,,10244,8,0,24 23,1,70,,10245,8,0,24 23,1,30,,10246,8,0,24 23,1,70,,10247,8,0,24 23,1,30,,10248,8,0,24 23,1,70,,10249,8,0,24 23,1,30,,10250,8,0,24 23,1,70,,10251,8,0,24 23,1,30,,10252,8,0,24 23,1,70,,10253,8,0,24 23,1,30,,10254,8,0,24 23,1,70,,10255,8,0,24 23,1,30,,10256,8,0,24 23,1,70,,10257,8,0,24 23,1,30,,10258,8,0,24 23,1,70,,10259,8,0,24 23,1,30,,10260,8,0,24 23,1,70,,10261,8,0,24 23,1,30,,10262,8,0,24 23,1,70,,10263,8,0,24 23,1,30,,10264,8,0,24 23,1
100,'3',935,,10265,8,0,24 23,1,70,,10266,8,0,24 23,1,30,,10267,8,0,24 23,1,70,,10268,8,0,24 23,1,30,,10269,8,0,24 23,1,70,,10270,8,0,24 23,1,30,,10271,8,0,24 23,1,70,,10272,8,0,24 23,1,30,,10273,8,0,24 23,1,70,,10274,8,0,24 23,1,30,,10275,8,0,24 23,1,70,,10276,8,0,24 23,1,30,,10277,8,0,24 23,1,70,,10278,8,0,24 23,1,30,,10279,8,0,24 23,1,70,,10280,8,0,24 23,1,30,,10281,8,0,24 23,1,70,,10282,8,0,24 23,1,30,,10283,8,0,24 23,1,70,,10284,8,0,24 23,1
9901,'1',554,,14917,8,,,1,50,,14918,16,,,1,10,,14919,16,,,1,10,,14920,28,,,1,10,,14921,28,,,1,10,,14922,28,,,1,10,,14923,28,,,1,50,,14924,28,,,1,10,,14925,28,,,1,10,,14926,28,,,1,6,,15029,8,,,1,4,,14927,28,,,1,10,,14928,28,,,1,10,,14929,28,,,1,46,,15030,8,,,1,4,,14930,28,,,1,10,,14931,28,,,1,10,,14932,28,,,1,6,,15031,8,,,1,4,,14933,28,,,1,10,,14934,28,,,1,10,,14935,28,,,1,46,,15032,8,,,1,4,,14936,28,,,1,10,,14937,28,,,1,10,,14938,28,,,1,6,,15033,8,,,1,4,,14939,28,,,1,10,,14940,28,,,1,10,,14941,28,,,1,46,,15034,8,,,1,4,,14942,28,,,1,10,,14943,28,,,1,10,,14944,28,,,1,6,,15035,8,,,1,4,,14945,28,,,1,5,,15036,8,,,1,5,,14946,28,,,1,10,,14947,28,,,1,50,,14948,28,,,1,5,,15037,8,,,1,5,,14949,28,,,1,10,,14950,28,,,1,10,,14951,28,,,1,5,,15038,8,,,1,5,,14952,28,,,1,10,,14953,28,,,1,50,,14954,28,,,1,5,,15039,8,,,1,5,,14955,28,,,1,10,,14956,28,,,1,10,,14957,28,,,1,5,,15040,8,,,1,5,,14958,28,,,1,10,,14959,28,,,1,50,,14960,28,,,1,5,,15041,8,,,1,5,,14961,28,,,1,10,,14962,28,,,1,10,,14963,28,,,1,5,,15042,8,,,1,5,,14964,28,,,1,10,,14965,28,,,1,50,,14966,28,,,1,5,,15043,8,,,1,5,,14967,28,,,1,10,,14968,28,,,1,6,,15044,8,,,1,4,,14969,28,,,1,5,,15045,8,,,1,5,,14970,28,,,1,10,,14971,28,,,1,46,,15046,8,,,1,4,,14972,28,,,1,5,,15047,8,,,1,5,,14973,28,,,1,10,,14974,28,,,1,6,,15048,8,,,1,4,,14975,28,,,1,5,,15049,8,,,1,5,,14976,28,,,1,10,,14977,28,,,1,46,,15050,8,,,1,4,,14978,28,,,1,5,,15051,8,,,1,5,,14979,28,,,1,10,,14980,28,,,1,6,,15052,8,,,1,4,,14981,28,,,1,5,,15053,8,,,1,5,,14982,28,,,1,10,,14983,28,,,1,46,,15054,8,,,1,4,,14984,28,,,1,5,,15055,8,,,1,5,,14985,28,,,1,10,,14986,28,,,1,6,,15056,8,,,1,4,,14987,28,,,1,10,,14988,28,,,1,10,,14989,28,,,1,46,,15057,8,,,1,4,,14990,28,,,1,10,,14991,28,,,1,10,,14992,28,,,1,10,,14993,28,,,1,10,,14994,28,,,1,10,,14995,28,,,1,50,,14996,28,,,1,10,,14997,28,,,1,10,,14998,28,,,1,10,,14999,28,,,1,10,,15000,28,,,1,10,,15001,28,,,1,50,,15002,28,,,1,10,,15003,28,,,1,10,,15004,28,,,1,10,,15005,28,,,1,10,,15006,28,,,1,10,,15007,28,,,1,50,,15008,28,,,1,10,,15009,28,,,1,10,,15010,28,,,1,10,,15011,28,,,1,10,,15012,28,,,1,10,,15013,28,,,1,50,,15014,28,,,1,10,,15015,28,,,1,10,,15016,28,,,1,10,,15017,28,,,1,15,,15019,16,,,1,55,,15020,28,,,1,15,,15021,16,,,1,15,,15022,28,,,1,15,,15023,16,,,1,55,,15024,28,,,1,15,,15025,16,,,1,15,,15026,28,,,1
9901,'2',549,,15149,8,,,1,55,,15148,16,,,1,15,,15146,16,,,1,15,,15147,28,,,1,15,,15144,16,,,1,55,,15145,28,,,1,15,,15142,16,,,1,15,,15143,28,,,1,15,,15140,16,,,1,55,,15141,28,,,1,15,,15138,16,,,1,15,,15139,28,,,1,15,,15136,16,,,1,55,,15137,28,,,1,15,,15134,16,,,1,15,,15135,28,,,1,15,,15132,16,,,1,55,,15133,28,,,1,15,,15130,16,,,1,15,,15131,28,,,1,15,,15128,16,,,1,55,,15129,28,,,1,15,,15126,16,,,1,15,,15127,28,,,1,15,,15124,16,,,1,55,,15125,28,,,1,15,,15122,16,,,1,15,,15123,28,,,1,15,,15120,16,,,1,55,,15121,28,,,1,15,,15118,16,,,1,15,,15119,28,,,1,15,,15116,16,,,1,55,,15117,28,,,1,15,,15114,16,,,1,15,,15115,28,,,1,15,,15150,16,,,1,55,,15113,28,,,1,15,,15111,16,,,1,15,,15151,8,,,1,15,,15109,16,,,1,55,,15110,28,,,1,15,,15107,16,,,1,15,,15108,28,,,1,15,,15105,16,,,1,55,,15106,28,,,1,15,,15103,16,,,1,15,,15104,28,,,1,15,,15101,16,,,1,55,,15102,28,,,1,15,,15099,16,,,1,15,,15100,28,,,1,15,,15097,16,,,1,55,,15098,28,,,1,15,,15095,16,,,1,15,,15096,28,,,1,15,,15093,16,,,1,55,,15094,28,,,1,15,,15091,16,,,1,15,,15092,28,,,1,15,,15089,16,,,1,55,,15090,28,,,1,15,,15087,16,,,1,15,,15088,28,,,1,15,,15085,16,,,1,55,,15086,28,,,1,15,,15083,16,,,1,15,,15084,28,,,1,15,,15081,16,,,1,55,,15082,28,,,1,15,,15079,16,,,1,15,,15080,28,,,1,15,,15077,16,,,1,55,,15078,28,,,1,15,,15075,16,,,1,15,,15076,28,,,1
9901,'3',734,,15152,16,,,1,15,,15153,16,,,1,55,,15154,28,,,1,15,,15155,16,,,1,15,,15156,28,,,1,15,,15157,16,,,1,55,,15158,28,,,1,15,,15159,16,,,1,15,,15160,28,,,1,15,,15161,16,,,1,55,,15162,28,,,1,15,,15163,16,,,1,15,,15164,28,,,1,15,,15165,16,,,1,55,,15166,28,,,1,15,,15167,16,,,1,15,,15168,28,,,1,15,,15169,16,,,1,55,,15170,28,,,1,15,,15171,16,,,1,15,,15172,28,,,1,15,,15173,16,,,1,55,,15174,28,,,1,15,,15175,16,,,1,15,,15176,28,,,1,15,,15177,16,,,1,55,,15178,28,,,1,15,,15179,16,,,1,15,,15180,28,,,1,15,,15181,16,,,1,55,,15182,28,,,1,15,,15183,16,,,1,15,,15184,28,,,1,15,,15185,16,,,1,55,,15186,28,,,1,15,,15187,16,,,1,15,,15188,28,,,1,15,,15189,16,,,1,55,,15190,28,,,1,15,,15191,16,,,1,15,,15192,28,,,1,15,,15193,16,,,1,55,,15194,28,,,1,15,,15195,16,,,1,15,,15196,28,,,1,15,,15197,16,,,1,55,,15198,28,,,1,15,,15199,16,,,1,15,,15200,28,,,1,15,,15201,16,,,1,55,,15202,28,,,1,15,,15203,16,,,1,15,,15204,28,,,1,15,,15205,16,,,1,55,,15206,28,,,1,15,,15207,16,,,1,15,,15208,28,,,1,15,,15209,16,,,1,55,,15210,28,,,1,15,,15211,16,,,1,15,,15212,28,,,1
9901,'7',934,,15214,16,,,1,70,,15215,28,,,1,30,,15216,28,,,1,70,,15217,28,,,1,30,,15218,28,,,1,70,,15219,28,,,1,30,,15220,28,,,1,70,,15221,28,,,1,30,,15222,28,,,1,70,,15223,28,,,1,30,,15224,28,,,1,70,,15225,28,,,1,30,,15226,28,,,1,70,,15227,28,,,1,30,,15228,28,,,1,70,,15229,28,,,1,30,,15230,28,,,1,70,,15231,28,,,1,30,,15232,28,,,1,70,,15233,28,,,1
1000800,'3403',1820,,15333,8,,,1,35,,15334,8,,,1,75,,15335,8,,,1,75,,15336,8,,,1,35,,15337,8,,,1,75,,15338,8,,,1,35,,15339,8,,,1,75,,15340,8,,,1,75,,15341,8,,,1,35,,15342,8,,,1,75,,15343,8,,,1,35,,15344,8,,,1
1119801,'14802',2529,,15361,16,,,1,30,,15362,16,,,1,70,,15363,16,,,1,30,,15364,16,,,1
1119801,'8001',2529,,15365,16,,,1,30,,15366,16,,,1,70,,15367,16,,,1,30,,15368,16,,,1
21005600,'12701',715,,15569,7,0,14 29,1,20,,15570,7,0,14 29,1,20,,15571,7,0,14 29,1,60,,15572,7,0,14 29,1,20,,15573,7,0,14 29,1,20,,15574,7,0,14 29,1,60,,15575,7,0,14 29,1,20,,15568,7,0,14 29,1,20,,15545,7,0,14 29,1,60,,15567,7,0,14 29,1,20,,15566,7,0,14 29,1,20,,15565,7,0,14 29,1,60,,15564,7,0,14 29,1,20,,15563,7,0,14 29,1,20,,15562,7,0,14 29,1,60,,15561,7,0,14 29,1,20,,15560,7,0,14 29,1,20,,15559,7,0,14 29,1,60,,15558,7,0,14 29,1,20,,15557,7,0,14 29,1,21,,15556,7,0,14 29,1,60,,15555,7,0,14 29,1,20,,15554,7,0,14 29,1,20,,15553,7,0,14 29,1,60,,15552,7,0,14 29,1,20,,15551,7,0,14 29,1,20,,15550,7,0,14 29,1,60,,15549,7,0,14 29,1,20,,15548,7,0,14 29,1,20,,15547,7,0,14 29,1,60,,15546,7,0,14 29,1,20,,15576,7,0,14 29,1,19,,15577,7,0,14 29,1,65,,15578,7,0,14 29,1,30,,15579,7,0,14 29,1,70,,15580,7,0,14 29,1,30,,15581,7,0,14 29,1,70,,15582,7,0,14 29,1,30,,15583,7,0,14 29,1
