101,'1',548,,10285,8,0,24 23,1,70,,10286,7,0,24 23,1,30,,10287,7,0,24 23,1,70,,10288,7,0,24 23,1,30,,10289,7,0,24 23,1,70,,10290,7,0,24 23,1,30,,10291,7,0,24 23,1,70,,10292,7,0,24 23,1,30,,10293,7,0,24 23,1,70,,10294,7,0,24 23,1,30,,10295,7,0,24 23,1,70,,10296,7,0,24 23,1,30,,10297,7,0,24 23,1,70,,10298,7,0,24 23,1,30,,10299,7,0,24 23,1,70,,10300,7,0,24 23,1,30,,10301,7,0,24 23,1,70,,10302,7,0,24 23,1,30,,10303,7,0,24 23,1,70,,10304,7,0,24 23,1,30,,10305,7,0,24 23,1,70,,10306,7,0,24 23,1,30,,10307,7,0,24 23,1,70,,10308,7,0,24 23,1,30,,10309,7,0,24 23,1,70,,10310,7,0,24 23,1,30,,10311,7,0,24 23,1,70,,10312,7,0,24 23,1,30,,10313,7,0,24 23,1,70,,10314,7,0,24 23,1,30,,10315,7,0,24 23,1,70,,10316,7,0,24 23,1,30,,10317,7,0,24 23,1,70,,10318,7,0,24 23,1,30,,10319,7,0,24 23,1,70,,10320,7,0,24 23,1,30,,10321,7,0,24 23,1,70,,10322,7,0,24 23,1
101,'2',548,,10323,8,0,24 23,1,70,,10324,7,0,24 23,1,30,,10325,7,0,24 23,1,70,,10326,7,0,24 23,1,30,,10327,7,0,24 23,1,70,,10328,7,0,24 23,1,30,,10329,7,0,24 23,1,70,,10330,7,0,24 23,1,30,,10331,7,0,24 23,1,70,,10332,7,0,24 23,1,30,,10333,7,0,24 23,1,70,,10334,7,0,24 23,1,30,,10335,7,0,24 23,1,70,,10336,7,0,24 23,1,30,,10337,7,0,24 23,1,70,,10338,7,0,24 23,1,30,,10339,7,0,24 23,1,70,,10340,7,0,24 23,1,30,,10341,7,0,24 23,1,70,,10342,7,0,24 23,1,30,,10343,7,0,24 23,1,70,,10344,7,0,24 23,1,30,,10345,7,0,24 23,1,70,,10346,7,0,24 23,1,30,,10347,7,0,24 23,1,70,,10348,7,0,24 23,1,30,,10349,7,0,24 23,1,70,,10350,7,0,24 23,1,30,,10351,7,0,24 23,1,70,,10352,7,0,24 23,1,30,,10353,7,0,24 23,1,70,,10354,7,0,24 23,1,30,,10355,7,0,24 23,1,70,,10356,7,0,24 23,1,30,,10357,7,0,24 23,1,70,,10358,7,0,24 23,1,30,,10359,7,0,24 23,1,70,,10360,7,0,24 23,1
101,'3',918,,10361,8,0,24 23,1,30,,10362,7,0,24 23,1,70,,10363,7,0,24 23,1,30,,10364,7,0,24 23,1,70,,10365,7,0,24 23,1,30,,10366,7,0,24 23,1,70,,10367,7,0,24 23,1,30,,10368,7,0,24 23,1,70,,10369,7,0,24 23,1,30,,10370,7,0,24 23,1,70,,10371,7,0,24 23,1,30,,10372,7,0,24 23,1,70,,10373,7,0,24 23,1,30,,10374,7,0,24 23,1,70,,10375,7,0,24 23,1,30,,10376,7,0,24 23,1,70,,10377,7,0,24 23,1,30,,10378,7,0,24 23,1,70,,10379,7,0,24 23,1,30,,10380,7,0,24 23,1
801,'1',601,,11822,5,0,16,1,30,,11821,5,0,16,1,70,,11820,5,0,16,1,32,,11819,5,0,16,1,20,,11818,5,0,16,1,60,,11817,5,0,16,1,20,,11816,5,0,16,1,20,,11815,5,0,16,1,60,,11814,5,0,16,1,20,,11813,5,0,16,1,20,,11812,5,0,16,1,60,,11811,5,0,16,1,20,,11810,5,0,16,1,20,,11809,5,0,16,1,60,,11808,5,0,16,1,20,,11807,5,0,16,1,20,,11806,5,0,16,1,60,,11805,5,0,16,1,20,,11804,5,0,16,1,20,,11803,5,0,16,1,60,,11802,5,0,16,1,20,,11801,5,0,16,1,20,,11800,5,0,16,1,60,,11799,5,0,16,1,20,,11798,5,0,16,1,20,,11797,5,0,16,1,60,,11796,5,0,16,1,20,,11795,5,0,16,1,20,,11794,5,0,16,1,60,,11793,5,0,16,1,20,,11792,5,0,16,1,20,,11791,5,0,16,1,60,,11790,5,0,16,1,20,,11789,5,0,16,1,20,,11788,5,0,16,1,60,,11787,5,0,16,1,18,,11786,5,0,16,1,70,,11785,5,0,16,1,30,,11784,5,0,16,1,70,,11783,5,0,16,1,30,,11782,5,0,16,1,70,,11781,5,0,16,1,30,,11780,5,0,16,1,70,,11779,5,0,16,1,30,,11778,5,0,16,1,70,,11777,5,0,16,1,30,,11776,5,0,16,1,70,,11775,5,0,16,1,30,,11774,5,0,16,1
801,'2',600,,11823,5,0,16,1,30,,11824,5,0,16,1,70,,11825,5,0,16,1,30,,11826,5,0,16,1,70,,11827,5,0,16,1,30,,11828,5,0,16,1,70,,11829,5,0,16,1,30,,11830,5,0,16,1,70,,11831,5,0,16,1,30,,11832,5,0,16,1,70,,11833,5,0,16,1,30,,11834,5,0,16,1,70,,11835,5,0,16,1,30,,11836,5,0,16,1,70,,11837,5,0,16,1,30,,11838,5,0,16,1,70,,11839,5,0,16,1,30,,11840,5,0,16,1,70,,11841,5,0,16,1,30,,11842,5,0,16,1,70,,11843,5,0,16,1,30,,11844,5,0,16,1,70,,11845,5,0,16,1,30,,11846,5,0,16,1,70,,11847,5,0,16,1,30,,11848,5,0,16,1,70,,11849,5,0,16,1,30,,11850,5,0,16,1,70,,11851,5,0,16,1,30,,11852,5,0,16,1,70,,11853,5,0,16,1,30,,11854,5,0,16,1,70,,11855,5,0,16,1,30,,11856,5,0,16,1,70,,11857,5,0,16,1,30,,11858,5,0,16,1,70,,11859,5,0,16,1,30,,11860,5,0,16,1
801,'3',930,,11861,5,0,16,1,70,,11862,5,0,16,1,30,,11863,5,0,16,1,70,,11864,5,0,16,1,30,,11865,5,0,16,1,70,,11866,5,0,16,1,30,,11867,5,0,16,1,70,,11868,5,0,16,1,30,,11869,5,0,16,1,70,,11870,5,0,16,1,30,,11871,5,0,16,1,70,,11872,5,0,16,1,30,,11873,5,0,16,1,70,,11874,5,0,16,1,30,,11875,5,0,16,1,70,,11876,5,0,16,1,30,,11877,5,0,16,1,70,,11878,5,0,16,1,30,,11879,5,0,16,1,70,,11880,5,0,16,1
1501,'1',544,,13222,7,0,23,1,70,,13223,7,0,23,1,30,,13224,7,0,23,1,70,,13225,7,0,23,1,30,,13226,7,0,23,1,70,,13227,7,0,23,1,30,,13228,7,0,23,1,70,,13229,7,0,23,1,30,,13230,7,0,23,1,70,,13231,7,0,23,1,30,,13232,7,0,23,1,70,,13233,7,0,23,1,30,,13234,7,0,23,1,70,,13235,7,0,23,1,30,,13236,7,0,23,1,70,,13237,7,0,23,1,30,,13238,7,0,23,1,70,,13239,7,0,23,1,30,,13240,7,0,23,1,70,,13241,7,0,23,1,30,,13242,7,0,23,1,70,,13243,7,0,23,1,30,,13244,7,0,23,1,70,,13245,7,0,23,1,30,,13246,7,0,23,1,70,,13247,7,0,23,1,30,,13248,7,0,23,1,70,,13249,7,0,23,1,30,,13250,7,0,23,1,70,,13251,7,0,23,1,30,,13252,7,0,23,1,70,,13253,7,0,23,1,30,,13254,7,0,23,1,70,,13255,7,0,23,1,30,,13256,7,0,23,1,70,,13257,7,0,23,1,30,,13258,7,0,23,1,70,,13259,7,0,23,1,30,,13260,7,0,23,1
1501,'2',544,,13261,7,0,23,1,70,,13262,7,0,23,1,30,,13263,7,0,23,1,70,,13264,7,0,23,1,30,,13265,7,0,23,1,70,,13266,7,0,23,1,30,,13267,7,0,23,1,70,,13268,7,0,23,1,30,,13269,7,0,23,1,70,,13270,7,0,23,1,30,,13271,7,0,23,1,70,,13272,7,0,23,1,30,,13273,7,0,23,1,70,,13274,7,0,23,1,30,,13275,7,0,23,1,70,,13276,7,0,23,1,30,,13277,7,0,23,1,70,,13278,7,0,23,1,30,,13279,7,0,23,1,70,,13280,7,0,23,1,30,,13281,7,0,23,1,70,,13282,7,0,23,1,30,,13283,7,0,23,1,70,,13284,7,0,23,1,30,,13285,7,0,23,1,70,,13286,7,0,23,1,30,,13287,7,0,23,1,70,,13288,7,0,23,1,30,,13289,7,0,23,1,70,,13290,7,0,23,1,30,,13291,7,0,23,1,70,,13292,7,0,23,1,30,,13293,7,0,23,1,70,,13294,7,0,23,1,30,,13295,7,0,23,1,70,,13296,7,0,23,1,30,,13297,7,0,23,1,70,,13298,7,0,23,1,30,,13299,7,0,23,1
1501,'3',914,,13300,7,0,23,1,30,,13301,7,0,23,1,70,,13302,7,0,23,1,30,,13303,7,0,23,1,70,,13304,7,0,23,1,30,,13305,7,0,23,1,70,,13306,7,0,23,1,30,,13307,7,0,23,1,70,,13308,7,0,23,1,30,,13309,7,0,23,1,70,,13310,7,0,23,1,30,,13311,7,0,23,1,70,,13312,7,0,23,1,30,,13313,7,0,23,1,70,,13314,7,0,23,1,30,,13315,7,0,23,1,70,,13316,7,0,23,1,30,,13317,7,0,23,1,70,,13318,7,0,23,1,30,,13319,7,0,23,1,70,,13320,7,0,23,1
1000401,'14802',2525,,15244,12,0,33 9 15,1,20,,15245,12,0,33 9 15,1,60,,15246,12,0,33 9 15,1,20,,15247,12,0,33 9 15,1,20,,15248,12,0,33 9 15,1
1000401,'7901',2545,,15249,12,0,33 9 15,1,80,,15250,12,0,33 9 15,1
1000401,'8001',2525,,15251,12,0,33 9 15,1,80,,15252,12,0,33 9 15,1,40,,15253,12,0,33 9 15,1
