201,'1',549,,10477,9,0,23 24,1,70,,10478,8,0,23 24,1,30,,10479,8,0,23 24,1,70,,10480,8,0,23 24,1,30,,10481,8,0,23 24,1,70,,10482,8,0,23 24,1,30,,10483,8,0,23 24,1,70,,10484,8,0,23 24,1,30,,10485,8,0,23 24,1,70,,10486,8,0,23 24,1,30,,10487,8,0,23 24,1,70,,10488,8,0,23 24,1,30,,10489,8,0,23 24,1,70,,10490,8,0,23 24,1,30,,10491,8,0,23 24,1,70,,10492,8,0,23 24,1,30,,10493,8,0,23 24,1,70,,10494,8,0,23 24,1,30,,10495,8,0,23 24,1,70,,10496,8,0,23 24,1,30,,10497,8,0,23 24,1,70,,10498,8,0,23 24,1,30,,10499,8,0,23 24,1,70,,10500,8,0,23 24,1,30,,10501,8,0,23 24,1,70,,10502,8,0,23 24,1,30,,10503,8,0,23 24,1,70,,10504,8,0,23 24,1,30,,10505,8,0,23 24,1,70,,10506,8,0,23 24,1,30,,10507,8,0,23 24,1,70,,10508,8,0,23 24,1,30,,10509,8,0,23 24,1,70,,10510,8,0,23 24,1,30,,10511,8,0,23 24,1,70,,10512,8,0,23 24,1,30,,10513,8,0,23 24,1,70,,10514,8,0,23 24,1
201,'2',549,,10515,9,0,23 24,1,70,,10516,8,0,23 24,1,30,,10517,8,0,23 24,1,70,,10518,8,0,23 24,1,30,,10519,8,0,23 24,1,70,,10520,8,0,23 24,1,30,,10521,8,0,23 24,1,70,,10522,8,0,23 24,1,30,,10523,8,0,23 24,1,70,,10524,8,0,23 24,1,30,,10525,8,0,23 24,1,70,,10526,8,0,23 24,1,30,,10527,8,0,23 24,1,70,,10528,8,0,23 24,1,30,,10529,8,0,23 24,1,70,,10530,8,0,23 24,1,30,,10531,8,0,23 24,1,70,,10532,8,0,23 24,1,30,,10533,8,0,23 24,1,70,,10534,8,0,23 24,1,30,,10535,8,0,23 24,1,70,,10536,8,0,23 24,1,30,,10537,8,0,23 24,1,70,,10538,8,0,23 24,1,30,,10539,8,0,23 24,1,70,,10540,8,0,23 24,1,30,,10541,8,0,23 24,1,70,,10542,8,0,23 24,1,30,,10543,8,0,23 24,1,70,,10544,8,0,23 24,1,30,,10545,8,0,23 24,1,70,,10546,8,0,23 24,1,30,,10547,8,0,23 24,1,70,,10548,8,0,23 24,1,30,,10549,8,0,23 24,1,70,,10550,8,0,23 24,1,30,,10551,8,0,23 24,1,70,,10552,8,0,23 24,1
201,'3',919,,10553,9,0,23 24,1,30,,10554,8,0,23 24,1,70,,10555,8,0,23 24,1,30,,10556,8,0,23 24,1,70,,10557,8,0,23 24,1,30,,10558,8,0,23 24,1,70,,10559,8,0,23 24,1,30,,10560,8,0,23 24,1,70,,10561,8,0,23 24,1,30,,10562,8,0,23 24,1,70,,10563,8,0,23 24,1,30,,10564,8,0,23 24,1,70,,10565,8,0,23 24,1,30,,10566,8,0,23 24,1,70,,10567,8,0,23 24,1,30,,10568,8,0,23 24,1,70,,10569,8,0,23 24,1,30,,10570,8,0,23 24,1,70,,10571,8,0,23 24,1,30,,10572,8,0,23 24,1
501,'1',729,,11117,13,0,22,1,15,,11118,13,0,22,1,15,,11119,13,0,22,1,55,,11120,13,0,22,1,15,,11121,13,0,22,1,15,,11122,13,0,22,1,15,,11123,13,0,22,1,55,,11124,13,0,22,1,15,,11125,13,0,22,1,15,,11126,13,0,22,1,15,,11127,13,0,22,1,55,,11128,13,0,22,1,15,,11129,13,0,22,1,15,,11130,13,0,22,1,15,,11131,13,0,22,1,55,,11132,13,0,22,1,15,,11133,13,0,22,1,15,,11134,13,0,22,1,15,,11135,13,0,22,1,55,,11136,13,0,22,1,15,,11137,13,0,22,1,15,,11138,13,0,22,1,15,,11139,13,0,22,1,55,,11140,13,0,22,1,15,,11141,13,0,22,1,15,,11142,13,0,22,1,15,,11143,13,0,22,1,55,,11144,13,0,22,1,15,,11145,13,0,22,1,15,,11146,13,0,22,1,15,,11147,13,0,22,1,55,,11148,13,0,22,1,15,,11149,13,0,22,1,15,,11150,13,0,22,1,15,,11151,13,0,22,1,55,,11152,13,0,22,1,15,,11153,13,0,22,1,15,,11154,13,0,22,1,15,,11155,13,0,22,1,55,,11156,13,0,22,1,15,,11157,13,0,22,1,15,,11158,13,0,22,1,15,,11159,13,0,22,1,55,,11160,13,0,22,1,15,,11161,13,0,22,1,15,,11162,13,0,22,1,15,,11163,13,0,22,1,55,,11164,13,0,22,1,15,,11165,13,0,22,1,15,,11166,13,0,22,1,15,,11167,13,0,22,1,55,,11168,13,0,22,1,15,,11169,13,0,22,1,15,,11170,13,0,22,1,15,,11171,13,0,22,1,55,,11172,13,0,22,1,15,,11173,13,0,22,1
501,'2',729,,11183,13,0,22,1,20,,11184,13,0,22,1,60,,11185,13,0,22,1,20,,11186,13,0,22,1,20,,11187,13,0,22,1,60,,11188,13,0,22,1,20,,11189,13,0,22,1,20,,11190,13,0,22,1,60,,11191,13,0,22,1,20,,11192,13,0,22,1,20,,11193,13,0,22,1,60,,11194,13,0,22,1,20,,11195,13,0,22,1,20,,11196,13,0,22,1,60,,11197,13,0,22,1,20,,11198,13,0,22,1,20,,11199,13,0,22,1,60,,11200,13,0,22,1,20,,11201,13,0,22,1,20,,11202,13,0,22,1,60,,11203,13,0,22,1,20,,11204,13,0,22,1,20,,11205,13,0,22,1,60,,11206,13,0,22,1,20,,11207,13,0,22,1,20,,11208,13,0,22,1,60,,11209,13,0,22,1,20,,11210,13,0,22,1,20,,11211,13,0,22,1,60,,11212,13,0,22,1,20,,11213,13,0,22,1,20,,11214,13,0,22,1,60,,11215,13,0,22,1
9900,'1',551,,14602,9,,,1,50,,14603,9,,,1,10,,14604,9,,,1,10,,14605,9,,,1,10,,14606,9,,,1,10,,14607,9,,,1,10,,14608,9,,,1,50,,14609,9,,,1,10,,14610,9,,,1,10,,14611,9,,,1,10,,14612,9,,,1,10,,14613,9,,,1,6,,14711,9,,,1,4,,14614,9,,,1,50,,14615,9,,,1,10,,14616,9,,,1,6,,14712,9,,,1,4,,14617,9,,,1,10,,14618,9,,,1,10,,14619,9,,,1,6,,14713,9,,,1,4,,14620,9,,,1,50,,14621,9,,,1,10,,14622,9,,,1,6,,14714,9,,,1,4,,14623,9,,,1,10,,14624,9,,,1,10,,14625,9,,,1,6,,14715,9,,,1,4,,14626,9,,,1,50,,14627,9,,,1,10,,14628,9,,,1,6,,14716,9,,,1,4,,14629,9,,,1,10,,14630,9,,,1,10,,14631,9,,,1,6,,14717,9,,,1,4,,14632,9,,,1,5,,14718,9,,,1,45,,14633,9,,,1,10,,14634,9,,,1,10,,14635,9,,,1,5,,14719,9,,,1,5,,14636,9,,,1,10,,14637,9,,,1,10,,14638,9,,,1,5,,14720,9,,,1,45,,14639,9,,,1,10,,14640,9,,,1,10,,14641,9,,,1,5,,14721,9,,,1,5,,14642,9,,,1,10,,14643,9,,,1,10,,14644,9,,,1,5,,14722,9,,,1,45,,14645,9,,,1,10,,14646,9,,,1,10,,14647,9,,,1,5,,14723,9,,,1,5,,14648,9,,,1,10,,14649,9,,,1,10,,14650,9,,,1,5,,14724,9,,,1,45,,14651,9,,,1,10,,14652,9,,,1,10,,14653,9,,,1,5,,14725,9,,,1,5,,14654,9,,,1,10,,14655,9,,,1,6,,14726,9,,,1,4,,14656,9,,,1,5,,14727,9,,,1,45,,14657,9,,,1,10,,14658,9,,,1,6,,14728,9,,,1,4,,14660,9,,,1,5,,14729,9,,,1,5,,14661,9,,,1,10,,14662,9,,,1,6,,14730,9,,,1,4,,14663,9,,,1,5,,14731,9,,,1,45,,14664,9,,,1,10,,14665,9,,,1,6,,14732,9,,,1,4,,14666,9,,,1,5,,14733,9,,,1,5,,14667,9,,,1,10,,14668,9,,,1,6,,14734,9,,,1,4,,14669,9,,,1,5,,14735,9,,,1,45,,14670,9,,,1,10,,14671,9,,,1,6,,14736,9,,,1,4,,14672,9,,,1,5,,14737,9,,,1,5,,14673,9,,,1,10,,14674,9,,,1,6,,14738,9,,,1,4,,14675,9,,,1,50,,14676,9,,,1,10,,14677,9,,,1,6,,14739,9,,,1,4,,14678,9,,,1,10,,14679,9,,,1,10,,14680,9,,,1,10,,14681,9,,,1,50,,14682,9,,,1,10,,14683,9,,,1,10,,14684,9,,,1,10,,14685,9,,,1,10,,14686,9,,,1,10,,14687,9,,,1,50,,14688,9,,,1,10,,14689,9,,,1,10,,14690,9,,,1,10,,14691,9,,,1,10,,14692,9,,,1,10,,14693,9,,,1,50,,14694,9,,,1,10,,14695,9,,,1,10,,14696,9,,,1,15,,14697,9,,,1,15,,14698,9,,,1,55,,14699,9,,,1,15,,14700,9,,,1,15,,14701,9,,,1,15,,14702,9,,,1,55,,14703,9,,,1,15,,14704,9,,,1,15,,14705,9,,,1,15,,14706,9,,,1,55,,14707,9,,,1,15,,14708,9,,,1,15,,14709,9,,,1,15,,14710,9,,,1
9900,'2',551,,14830,9,,,1,55,,14827,9,,,1,15,,14828,9,,,1,15,,14825,9,,,1,15,,14826,9,,,1,55,,14823,9,,,1,15,,14824,9,,,1,15,,14821,9,,,1,15,,14822,9,,,1,55,,14819,9,,,1,15,,14820,9,,,1,15,,14817,9,,,1,15,,14818,9,,,1,55,,14815,9,,,1,15,,14816,9,,,1,15,,14813,9,,,1,15,,14814,9,,,1,55,,14811,9,,,1,15,,14812,9,,,1,15,,14809,9,,,1,15,,14810,9,,,1,55,,14807,9,,,1,15,,14808,9,,,1,15,,14805,9,,,1,15,,14806,9,,,1,55,,14803,9,,,1,15,,14804,9,,,1,15,,14801,9,,,1,15,,14802,9,,,1,55,,14799,9,,,1,15,,14800,9,,,1,15,,14797,9,,,1,15,,14798,9,,,1,55,,14796,9,,,1,15,,14794,9,,,1,15,,14793,9,,,1,15,,14795,9,,,1,55,,14832,9,,,1,15,,14792,9,,,1,15,,14790,9,,,1,15,,14791,9,,,1,55,,14788,9,,,1,15,,14789,9,,,1,15,,14786,9,,,1,15,,14787,9,,,1,55,,14784,9,,,1,15,,14785,9,,,1,15,,14782,9,,,1,15,,14783,9,,,1,55,,14780,9,,,1,15,,14781,9,,,1,15,,14778,9,,,1,15,,14779,9,,,1,55,,14777,9,,,1,15,,14775,9,,,1,15,,14774,9,,,1,15,,14776,9,,,1,55,,14772,9,,,1,15,,14773,9,,,1,15,,14770,9,,,1,15,,14771,9,,,1,55,,14768,9,,,1,15,,14769,9,,,1,15,,14766,9,,,1,15,,14767,9,,,1,55,,14765,9,,,1,15,,14764,9,,,1,15,,14762,9,,,1,15,,14763,9,,,1,55,,14760,9,,,1,15,,14761,9,,,1,15,,14759,9,,,1,15,,14756,9,,,1,55,,14758,9,,,1,15,,14757,9,,,1,15,,14755,9,,,1
9900,'3',721,,14836,9,,,1,15,,14837,9,,,1,15,,14838,9,,,1,55,,14839,9,,,1,15,,14840,9,,,1,15,,14841,9,,,1,15,,14842,9,,,1,55,,14843,9,,,1,15,,14844,9,,,1,15,,14845,9,,,1,15,,14846,9,,,1,55,,14847,9,,,1,15,,14848,9,,,1,15,,14849,9,,,1,15,,14850,9,,,1,55,,14851,9,,,1,15,,14852,9,,,1,15,,14853,9,,,1,15,,14854,9,,,1,55,,14855,9,,,1,15,,14856,9,,,1,15,,14857,9,,,1,15,,14858,9,,,1,55,,14859,9,,,1,15,,14860,9,,,1,15,,14861,9,,,1,15,,14862,9,,,1,55,,14863,9,,,1,15,,14864,9,,,1,15,,14865,9,,,1,15,,14866,9,,,1,55,,14867,9,,,1,15,,14868,9,,,1,15,,14869,9,,,1,15,,14870,9,,,1,55,,14871,9,,,1,15,,14872,9,,,1,15,,14873,9,,,1,15,,14874,9,,,1,55,,14875,9,,,1,15,,14876,9,,,1,15,,14877,9,,,1,15,,14878,9,,,1,55,,14879,9,,,1,15,,14880,9,,,1,15,,14881,9,,,1,15,,14882,9,,,1,55,,14883,9,,,1,15,,14884,9,,,1,15,,14885,9,,,1,15,,14886,9,,,1,55,,14887,9,,,1,15,,14888,9,,,1,15,,14889,9,,,1,15,,14890,9,,,1,55,,14891,9,,,1,15,,14892,9,,,1,15,,14893,9,,,1,15,,14894,9,,,1,55,,14895,9,,,1
9900,'7',921,,14916,9,,,1,30,,14915,9,,,1,70,,14914,9,,,1,30,,14913,9,,,1,70,,14912,9,,,1,30,,14911,9,,,1,70,,14910,9,,,1,30,,14909,9,,,1,70,,14908,9,,,1,30,,14907,9,,,1,70,,14906,9,,,1,30,,14905,9,,,1,70,,14904,9,,,1,30,,14903,9,,,1,70,,14902,9,,,1,30,,14901,9,,,1,70,,14900,9,,,1,30,,14899,9,,,1,70,,14898,9,,,1,30,,14897,9,,,1
1119800,'14802',2543,,15357,9,,,1,70,,15358,9,,,1
1119800,'8001',2543,,15360,9,,,1,70,,15359,9,,,1
21005601,'12701',712,,15584,9,0,14 29,1,20,,15585,9,0,14 29,1,20,,15586,9,0,14 29,1,60,,15587,9,0,14 29,1,20,,15588,9,0,14 29,1,20,,15589,9,0,14 29,1,60,,15590,9,0,14 29,1,20,,15591,9,0,14 29,1,20,,15592,9,0,14 29,1,60,,15593,9,0,14 29,1,21,,15594,9,0,14 29,1,20,,15595,9,0,14 29,1,60,,15596,9,0,14 29,1,20,,15597,9,0,14 29,1,20,,15598,9,0,14 29,1,60,,15599,9,0,14 29,1,20,,15600,9,0,14 29,1,20,,15601,9,0,14 29,1,60,,15602,9,0,14 29,1,20,,15603,9,0,14 29,1,20,,15604,9,0,14 29,1,61,,15605,9,0,14 29,1,20,,15606,9,0,14 29,1,20,,15607,9,0,14 29,1,60,,15608,9,0,14 29,1,20,,15609,9,0,14 29,1,20,,15610,9,0,14 29,1,60,,15611,9,0,14 29,1,20,,15612,9,0,14 29,1,20,,15613,9,0,14 29,1,60,,15614,9,0,14 29,1,20,,15615,9,0,14 29,1,20,,15616,9,0,14 29,1,58,,15617,9,0,14 29,1,25,,15618,9,0,14 29,1,70,,15619,9,0,14 29,1,30,,15620,9,0,14 29,1,70,,15621,9,0,14 29,1,30,,15622,9,0,14 29,1,70,,15623,9,0,14 29,1
