1100,'1',546,,12289,2,0,6,1,70,,12290,2,0,6,1,30,,12291,2,0,6,1,70,,12292,2,0,6,1,21,,12293,2,0,6,1,20,,12294,2,0,6,1,60,,12295,2,0,6,1,20,,12296,2,0,6,1,20,,12297,2,0,6,1,60,,12298,2,0,6,1,20,,12299,2,0,6,1,20,,12300,2,0,6,1,60,,12301,2,0,6,1,20,,12302,2,0,6,1,20,,12303,2,0,6,1,60,,12304,2,0,6,1,20,,12305,2,0,6,1,20,,12306,2,0,6,1,60,,12307,2,0,6,1,20,,12308,2,0,6,1,20,,12309,2,0,6,1,60,,12310,2,0,6,1,20,,12311,2,0,6,1,20,,12312,2,0,6,1,60,,12313,2,0,6,1,20,,12314,2,0,6,1,20,,12315,2,0,6,1,60,,12316,2,0,6,1,20,,12317,2,0,6,1,20,,12318,2,0,6,1,60,,12319,2,0,6,1,20,,12320,2,0,6,1,20,,12321,2,0,6,1,60,,12322,2,0,6,1,20,,12323,2,0,6,1,20,,12324,2,0,6,1,60,,12325,2,0,6,1,20,,12326,2,0,6,1,20,,12327,2,0,6,1,59,,12328,2,0,6,1,30,,12329,2,0,6,1,70,,12330,2,0,6,1,30,,12331,2,0,6,1,70,,12332,2,0,6,1,30,,12333,2,0,6,1,70,,12334,2,0,6,1,30,,12335,2,0,6,1,70,,12336,2,0,6,1,30,,12337,2,0,6,1,70,,12338,2,0,6,1
1100,'2',546,,12376,2,0,6,1,70,,12375,2,0,6,1,30,,12374,2,0,6,1,70,,12373,2,0,6,1,30,,12372,2,0,6,1,70,,12371,2,0,6,1,30,,12370,2,0,6,1,70,,12369,2,0,6,1,30,,12368,2,0,6,1,71,,12367,2,0,6,1,30,,12366,2,0,6,1,70,,12365,2,0,6,1,30,,12364,2,0,6,1,70,,12363,2,0,6,1,30,,12362,2,0,6,1,70,,12361,2,0,6,1,30,,12360,2,0,6,1,70,,12359,2,0,6,1,30,,12358,2,0,6,1,70,,12357,2,0,6,1,30,,12356,2,0,6,1,70,,12355,2,0,6,1,30,,12354,2,0,6,1,70,,12353,2,0,6,1,30,,12352,2,0,6,1,70,,12351,2,0,6,1,30,,12350,2,0,6,1,70,,12349,2,0,6,1,30,,12348,2,0,6,1,69,,12347,2,0,6,1,30,,12346,2,0,6,1,70,,12345,2,0,6,1,30,,12344,2,0,6,1,70,,12343,2,0,6,1,30,,12342,2,0,6,1,70,,12341,2,0,6,1,30,,12340,2,0,6,1,70,,12339,2,0,6,1
1100,'3',917,,12377,2,0,6,1,30,,12378,2,0,6,1,70,,12379,2,0,6,1,30,,12380,2,0,6,1,70,,12381,2,0,6,1,30,,12382,2,0,6,1,70,,12383,2,0,6,1,30,,12384,2,0,6,1,70,,12385,2,0,6,1,30,,12386,2,0,6,1,70,,12387,2,0,6,1,30,,12388,2,0,6,1,70,,12389,2,0,6,1,30,,12390,2,0,6,1,70,,12391,2,0,6,1,30,,12392,2,0,6,1,70,,12393,2,0,6,1,30,,12394,2,0,6,1,70,,12395,2,0,6,1,30,,12396,2,0,6,1
9900,'1',606,,14601,11,,,1,10,,14602,26,,,1,10,,14603,26,,,1,10,,14604,26,,,1,10,,14605,26,,,1,10,,14606,26,,,1,50,,14607,26,,,1,10,,14608,26,,,1,10,,14609,26,,,1,10,,14610,26,,,1,10,,14611,26,,,1,10,,14612,26,,,1,50,,14613,26,,,1,10,,14614,26,,,1,10,,14615,26,,,1,10,,14616,26,,,1,10,,14617,26,,,1,10,,14618,26,,,1,50,,14619,26,,,1,10,,14620,26,,,1,10,,14621,26,,,1,10,,14622,26,,,1,10,,14623,26,,,1,10,,14624,26,,,1,50,,14625,26,,,1,10,,14626,26,,,1,10,,14627,26,,,1,10,,14628,26,,,1,10,,14629,26,,,1,10,,14630,26,,,1,50,,14631,26,,,1,10,,14632,26,,,1,10,,14633,26,,,1,10,,14634,26,,,1,10,,14635,26,,,1,10,,14636,26,,,1,50,,14637,26,,,1,10,,14638,26,,,1,10,,14639,26,,,1,10,,14640,26,,,1,10,,14641,26,,,1,10,,14642,26,,,1,50,,14643,26,,,1,10,,14644,26,,,1,10,,14645,26,,,1,10,,14646,26,,,1,10,,14647,26,,,1,10,,14648,26,,,1,50,,14649,26,,,1,10,,14650,26,,,1,10,,14651,26,,,1,10,,14652,26,,,1,10,,14653,26,,,1,10,,14654,26,,,1,50,,14655,26,,,1,10,,14656,26,,,1,10,,14657,26,,,1,10,,14659,11,,,1,10,,14660,26,,,1,10,,14661,26,,,1,50,,14662,26,,,1,10,,14663,26,,,1,10,,14664,26,,,1,10,,14665,26,,,1,10,,14666,26,,,1,10,,14667,26,,,1,50,,14668,26,,,1,10,,14669,26,,,1,10,,14670,26,,,1,10,,14671,26,,,1,10,,14672,26,,,1,10,,14673,26,,,1,50,,14674,26,,,1,10,,14675,26,,,1,10,,14676,26,,,1,10,,14677,26,,,1,10,,14678,26,,,1,10,,14679,26,,,1,50,,14680,26,,,1,10,,14681,26,,,1,10,,14682,26,,,1,10,,14683,26,,,1,10,,14684,26,,,1,10,,14685,26,,,1,50,,14686,26,,,1,10,,14687,26,,,1,10,,14688,26,,,1,10,,14689,26,,,1,10,,14690,26,,,1,10,,14691,26,,,1,50,,14692,26,,,1,10,,14693,26,,,1,10,,14694,26,,,1,10,,14695,26,,,1,10,,14696,26,,,1,55,,14697,26,,,1,15,,14698,26,,,1,30,,14700,26,,,1,70,,14702,26,,,1,30,,14704,26,,,1,70,,14706,26,,,1
9900,'2',616,,14830,26,,,1,30,,14828,26,,,1,70,,14826,26,,,1,30,,14824,26,,,1,70,,14822,26,,,1,30,,14820,26,,,1,70,,14818,26,,,1,30,,14816,26,,,1,70,,14814,26,,,1,30,,14812,26,,,1,70,,14810,26,,,1,30,,14808,26,,,1,70,,14806,26,,,1,30,,14804,26,,,1,70,,14802,26,,,1,30,,14800,26,,,1,70,,14798,26,,,1,30,,14794,26,,,1,70,,14795,26,,,1,30,,14792,26,,,1,70,,14791,26,,,1,30,,14789,26,,,1,70,,14787,26,,,1,30,,14785,26,,,1,70,,14783,26,,,1,30,,14781,26,,,1,70,,14779,26,,,1,30,,14775,26,,,1,70,,14776,26,,,1,30,,14773,26,,,1,70,,14771,26,,,1,30,,14769,26,,,1,70,,14767,26,,,1,30,,14764,26,,,1,70,,14763,26,,,1,30,,14761,26,,,1,70,,14756,26,,,1
9900,'3',716,,14834,2,,,1,30,,14836,26,,,1,70,,14838,26,,,1,30,,14840,26,,,1,70,,14842,26,,,1,30,,14844,26,,,1,70,,14846,26,,,1,30,,14848,26,,,1,70,,14850,26,,,1,30,,14852,26,,,1,70,,14854,26,,,1,30,,14856,26,,,1,70,,14858,26,,,1,30,,14860,26,,,1,70,,14862,26,,,1,30,,14864,26,,,1,70,,14866,26,,,1,30,,14868,26,,,1,70,,14870,26,,,1,30,,14872,26,,,1,70,,14874,26,,,1,30,,14876,26,,,1,70,,14878,26,,,1,30,,14880,26,,,1,70,,14882,26,,,1,30,,14884,26,,,1,70,,14886,26,,,1,30,,14888,26,,,1,70,,14890,26,,,1,30,,14892,26,,,1,70,,14894,26,,,1
9900,'7',946,,14916,26,,,1,70,,14915,26,,,1,30,,14914,26,,,1,70,,14913,26,,,1,30,,14912,26,,,1,70,,14911,26,,,1,30,,14910,26,,,1,70,,14909,26,,,1,30,,14908,26,,,1,70,,14907,26,,,1,30,,14906,26,,,1,70,,14905,26,,,1,30,,14904,26,,,1,70,,14903,26,,,1,30,,14902,26,,,1,70,,14901,26,,,1,30,,14900,26,,,1,70,,14899,26,,,1,30,,14898,26,,,1
9901,'1',545,,14918,2,,,1,10,,14919,2,,,1,51,,14920,14,,,1,10,,14921,14,,,1,10,,14922,14,,,1,10,,14923,14,,,1,10,,14924,14,,,1,10,,14925,14,,,1,50,,14926,14,,,1,10,,14927,14,,,1,10,,14928,14,,,1,10,,14929,14,,,1,10,,14930,14,,,1,10,,14931,14,,,1,50,,14932,14,,,1,10,,14933,14,,,1,10,,14934,14,,,1,10,,14935,14,,,1,10,,14936,14,,,1,10,,14937,14,,,1,50,,14938,14,,,1,10,,14939,14,,,1,10,,14940,14,,,1,10,,14941,14,,,1,10,,14942,14,,,1,10,,14943,14,,,1,50,,14944,14,,,1,10,,14945,14,,,1,10,,14946,14,,,1,10,,14947,14,,,1,10,,14948,14,,,1,10,,14949,14,,,1,50,,14950,14,,,1,10,,14951,14,,,1,10,,14952,14,,,1,10,,14953,14,,,1,10,,14954,14,,,1,10,,14955,14,,,1,50,,14956,14,,,1,10,,14957,14,,,1,10,,14958,14,,,1,10,,14959,14,,,1,10,,14960,14,,,1,10,,14961,14,,,1,50,,14962,14,,,1,10,,14963,14,,,1,10,,14964,14,,,1,10,,14965,14,,,1,10,,14966,14,,,1,10,,14967,14,,,1,50,,14968,14,,,1,10,,14969,14,,,1,10,,14970,14,,,1,10,,14971,14,,,1,10,,14972,14,,,1,10,,14973,14,,,1,50,,14974,14,,,1,10,,14975,14,,,1,10,,14976,14,,,1,10,,14977,14,,,1,10,,14978,14,,,1,10,,14979,14,,,1,50,,14980,14,,,1,10,,14981,14,,,1,10,,14982,14,,,1,10,,14983,14,,,1,10,,14984,14,,,1,10,,14985,14,,,1,50,,14986,14,,,1,10,,14987,14,,,1,10,,14988,14,,,1,10,,14989,14,,,1,10,,14990,14,,,1,10,,14991,14,,,1,50,,14992,14,,,1,10,,14993,14,,,1,10,,14994,14,,,1,10,,14995,14,,,1,10,,14996,14,,,1,10,,14997,14,,,1,50,,14998,14,,,1,10,,14999,14,,,1,10,,15000,14,,,1,10,,15001,14,,,1,10,,15002,14,,,1,10,,15003,14,,,1,50,,15004,14,,,1,10,,15005,14,,,1,10,,15006,14,,,1,10,,15007,14,,,1,10,,15008,14,,,1,10,,15009,14,,,1,50,,15010,14,,,1,10,,15011,14,,,1,10,,15012,14,,,1,10,,15013,14,,,1,10,,15014,14,,,1,10,,15015,14,,,1,50,,15016,14,,,1,10,,15017,14,,,1,15,,15019,2,,,1,15,,15020,14,,,1,55,,15021,2,,,1,15,,15022,14,,,1,15,,15023,2,,,1,15,,15024,14,,,1,54,,15025,2,,,1,16,,15026,14,,,1,14,,15027,2,,,1
9901,'2',546,,15148,2,,,1,55,,15146,2,,,1,15,,15147,14,,,1,15,,15144,2,,,1,15,,15145,14,,,1,55,,15142,2,,,1,15,,15143,14,,,1,15,,15140,2,,,1,15,,15141,14,,,1,55,,15138,2,,,1,15,,15139,14,,,1,15,,15136,2,,,1,15,,15137,14,,,1,55,,15134,2,,,1,15,,15135,14,,,1,15,,15132,2,,,1,15,,15133,14,,,1,55,,15130,2,,,1,15,,15131,14,,,1,15,,15128,2,,,1,15,,15129,14,,,1,55,,15126,2,,,1,15,,15127,14,,,1,15,,15124,2,,,1,15,,15125,14,,,1,55,,15122,2,,,1,15,,15123,14,,,1,15,,15120,2,,,1,15,,15121,14,,,1,55,,15118,2,,,1,15,,15119,14,,,1,15,,15116,2,,,1,15,,15117,14,,,1,55,,15114,2,,,1,15,,15115,14,,,1,15,,15150,2,,,1,15,,15113,14,,,1,55,,15111,2,,,1,30,,15109,2,,,1,15,,15110,14,,,1,55,,15107,2,,,1,15,,15108,14,,,1,15,,15105,2,,,1,15,,15106,14,,,1,55,,15103,2,,,1,15,,15104,14,,,1,15,,15101,2,,,1,15,,15102,14,,,1,55,,15099,2,,,1,15,,15100,14,,,1,15,,15097,2,,,1,15,,15098,14,,,1,55,,15095,2,,,1,15,,15096,14,,,1,15,,15093,2,,,1,15,,15094,14,,,1,55,,15091,2,,,1,15,,15092,14,,,1,15,,15089,2,,,1,15,,15090,14,,,1,55,,15087,2,,,1,15,,15088,14,,,1,15,,15085,2,,,1,15,,15086,14,,,1,55,,15083,2,,,1,15,,15084,14,,,1,15,,15081,2,,,1,15,,15082,14,,,1,55,,15079,2,,,1,15,,15080,14,,,1,15,,15077,2,,,1,15,,15078,14,,,1,55,,15075,2,,,1,15,,15076,14,,,1,14,,15073,2,,,1
9901,'3',715,,15152,2,,,1,15,,15153,2,,,1,16,,15154,14,,,1,54,,15155,2,,,1,16,,15156,14,,,1,14,,15157,2,,,1,16,,15158,14,,,1,54,,15159,2,,,1,16,,15160,14,,,1,14,,15161,2,,,1,16,,15162,14,,,1,54,,15163,2,,,1,16,,15164,14,,,1,14,,15165,2,,,1,16,,15166,14,,,1,54,,15167,2,,,1,16,,15168,14,,,1,14,,15169,2,,,1,16,,15170,14,,,1,54,,15171,2,,,1,16,,15172,14,,,1,14,,15173,2,,,1,16,,15174,14,,,1,54,,15175,2,,,1,16,,15176,14,,,1,14,,15177,2,,,1,16,,15178,14,,,1,54,,15179,2,,,1,16,,15180,14,,,1,14,,15181,2,,,1,16,,15182,14,,,1,54,,15183,2,,,1,16,,15184,14,,,1,14,,15185,2,,,1,16,,15186,14,,,1,54,,15187,2,,,1,16,,15188,14,,,1,14,,15189,2,,,1,16,,15190,14,,,1,54,,15191,2,,,1,16,,15192,14,,,1,14,,15193,2,,,1,16,,15194,14,,,1,54,,15195,2,,,1,16,,15196,14,,,1,14,,15197,2,,,1,16,,15198,14,,,1,54,,15199,2,,,1,16,,15200,14,,,1,14,,15201,2,,,1,16,,15202,14,,,1,54,,15203,2,,,1,16,,15204,14,,,1,14,,15205,2,,,1,16,,15206,14,,,1,54,,15207,2,,,1,16,,15208,14,,,1,14,,15209,2,,,1,16,,15210,14,,,1,54,,15211,2,,,1,16,,15212,14,,,1,14,,15213,2,,,1
9901,'7',916,,15214,2,,,1,30,,15215,14,,,1,70,,15216,14,,,1,30,,15217,14,,,1,70,,15218,14,,,1,30,,15219,14,,,1,70,,15220,14,,,1,30,,15221,14,,,1,70,,15222,14,,,1,30,,15223,14,,,1,70,,15224,14,,,1,30,,15225,14,,,1,70,,15226,14,,,1,30,,15227,14,,,1,70,,15228,14,,,1,30,,15229,14,,,1,70,,15230,14,,,1,30,,15231,14,,,1,70,,15232,14,,,1,30,,15233,14,,,1
1119801,'14802',2510,,15361,2,,,1,30,,15362,2,,,1,70,,15363,2,,,1,30,,15364,2,,,1
1119801,'8001',2510,,15365,2,,,1,30,,15366,2,,,1,70,,15367,2,,,1,30,,15368,2,,,1
