201,'1',551,,10477,12,0,23 24,1,70,,10478,11,0,23 24,1,30,,10479,11,0,23 24,1,70,,10480,11,0,23 24,1,30,,10481,11,0,23 24,1,70,,10482,11,0,23 24,1,30,,10483,11,0,23 24,1,70,,10484,11,0,23 24,1,30,,10485,11,0,23 24,1,70,,10486,11,0,23 24,1,30,,10487,11,0,23 24,1,70,,10488,11,0,23 24,1,30,,10489,11,0,23 24,1,70,,10490,11,0,23 24,1,30,,10491,11,0,23 24,1,70,,10492,11,0,23 24,1,30,,10493,11,0,23 24,1,70,,10494,11,0,23 24,1,30,,10495,11,0,23 24,1,70,,10496,11,0,23 24,1,30,,10497,11,0,23 24,1,70,,10498,11,0,23 24,1,30,,10499,11,0,23 24,1,70,,10500,11,0,23 24,1,30,,10501,11,0,23 24,1,70,,10502,11,0,23 24,1,30,,10503,11,0,23 24,1,70,,10504,11,0,23 24,1,30,,10505,11,0,23 24,1,70,,10506,11,0,23 24,1,30,,10507,11,0,23 24,1,70,,10508,11,0,23 24,1,30,,10509,11,0,23 24,1,70,,10510,11,0,23 24,1,30,,10511,11,0,23 24,1,70,,10512,11,0,23 24,1,30,,10513,11,0,23 24,1,70,,10514,11,0,23 24,1
201,'2',551,,10515,12,0,23 24,1,70,,10516,11,0,23 24,1,30,,10517,11,0,23 24,1,70,,10518,11,0,23 24,1,30,,10519,11,0,23 24,1,70,,10520,11,0,23 24,1,30,,10521,11,0,23 24,1,70,,10522,11,0,23 24,1,30,,10523,11,0,23 24,1,70,,10524,11,0,23 24,1,30,,10525,11,0,23 24,1,70,,10526,11,0,23 24,1,30,,10527,11,0,23 24,1,70,,10528,11,0,23 24,1,30,,10529,11,0,23 24,1,70,,10530,11,0,23 24,1,30,,10531,11,0,23 24,1,70,,10532,11,0,23 24,1,30,,10533,11,0,23 24,1,70,,10534,11,0,23 24,1,30,,10535,11,0,23 24,1,70,,10536,11,0,23 24,1,30,,10537,11,0,23 24,1,70,,10538,11,0,23 24,1,30,,10539,11,0,23 24,1,70,,10540,11,0,23 24,1,30,,10541,11,0,23 24,1,70,,10542,11,0,23 24,1,30,,10543,11,0,23 24,1,70,,10544,11,0,23 24,1,30,,10545,11,0,23 24,1,70,,10546,11,0,23 24,1,30,,10547,11,0,23 24,1,70,,10548,11,0,23 24,1,30,,10549,11,0,23 24,1,70,,10550,11,0,23 24,1,30,,10551,11,0,23 24,1,70,,10552,11,0,23 24,1
201,'3',921,,10553,12,0,23 24,1,30,,10554,11,0,23 24,1,70,,10555,11,0,23 24,1,30,,10556,11,0,23 24,1,70,,10557,11,0,23 24,1,30,,10558,11,0,23 24,1,70,,10559,11,0,23 24,1,30,,10560,11,0,23 24,1,70,,10561,11,0,23 24,1,30,,10562,11,0,23 24,1,70,,10563,11,0,23 24,1,30,,10564,11,0,23 24,1,70,,10565,11,0,23 24,1,30,,10566,11,0,23 24,1,70,,10567,11,0,23 24,1,30,,10568,11,0,23 24,1,70,,10569,11,0,23 24,1,30,,10570,11,0,23 24,1,70,,10571,11,0,23 24,1,30,,10572,11,0,23 24,1
501,'1',731,,11117,16,0,22,1,15,,11118,16,0,22,1,55,,11119,16,0,22,1,15,,11120,16,0,22,1,15,,11121,16,0,22,1,15,,11122,16,0,22,1,55,,11123,16,0,22,1,15,,11124,16,0,22,1,15,,11125,16,0,22,1,15,,11126,16,0,22,1,55,,11127,16,0,22,1,15,,11128,16,0,22,1,15,,11129,16,0,22,1,15,,11130,16,0,22,1,55,,11131,16,0,22,1,15,,11132,16,0,22,1,15,,11133,16,0,22,1,15,,11134,16,0,22,1,55,,11135,16,0,22,1,15,,11136,16,0,22,1,15,,11137,16,0,22,1,15,,11138,16,0,22,1,55,,11139,16,0,22,1,15,,11140,16,0,22,1,15,,11141,16,0,22,1,15,,11142,16,0,22,1,55,,11143,16,0,22,1,15,,11144,16,0,22,1,15,,11145,16,0,22,1,15,,11146,16,0,22,1,55,,11147,16,0,22,1,15,,11148,16,0,22,1,15,,11149,16,0,22,1,15,,11150,16,0,22,1,55,,11151,16,0,22,1,15,,11152,16,0,22,1,15,,11153,16,0,22,1,15,,11154,16,0,22,1,55,,11155,16,0,22,1,15,,11156,16,0,22,1,15,,11157,16,0,22,1,15,,11158,16,0,22,1,55,,11159,16,0,22,1,15,,11160,16,0,22,1,15,,11161,16,0,22,1,15,,11162,16,0,22,1,55,,11163,16,0,22,1,15,,11164,16,0,22,1,15,,11165,16,0,22,1,15,,11166,16,0,22,1,55,,11167,16,0,22,1,15,,11168,16,0,22,1,15,,11169,16,0,22,1,15,,11170,16,0,22,1,55,,11171,16,0,22,1,15,,11172,16,0,22,1,15,,11173,16,0,22,1
501,'2',731,,11183,16,0,22,1,20,,11184,16,0,22,1,60,,11185,16,0,22,1,20,,11186,16,0,22,1,20,,11187,16,0,22,1,60,,11188,16,0,22,1,20,,11189,16,0,22,1,20,,11190,16,0,22,1,60,,11191,16,0,22,1,20,,11192,16,0,22,1,20,,11193,16,0,22,1,60,,11194,16,0,22,1,20,,11195,16,0,22,1,20,,11196,16,0,22,1,60,,11197,16,0,22,1,20,,11198,16,0,22,1,20,,11199,16,0,22,1,60,,11200,16,0,22,1,20,,11201,16,0,22,1,20,,11202,16,0,22,1,60,,11203,16,0,22,1,20,,11204,16,0,22,1,20,,11205,16,0,22,1,60,,11206,16,0,22,1,20,,11207,16,0,22,1,20,,11208,16,0,22,1,60,,11209,16,0,22,1,20,,11210,16,0,22,1,20,,11211,16,0,22,1,60,,11212,16,0,22,1,20,,11213,16,0,22,1,20,,11214,16,0,22,1,60,,11215,16,0,22,1
701,'1',550,,11564,10,0,28,1,70,,11565,10,0,28,1,30,,11566,10,0,28,1,75,,11567,10,0,28,1,20,,11568,10,0,28,1,60,,11569,10,0,28,1,20,,11570,10,0,28,1,20,,11571,10,0,28,1,60,,11572,10,0,28,1,20,,11573,10,0,28,1,20,,11574,10,0,28,1,60,,11575,10,0,28,1,18,,11576,10,0,28,1,30,,11577,10,0,28,1,70,,11578,10,0,28,1,30,,11579,10,0,28,1,70,,11580,10,0,28,1,30,,11581,10,0,28,1,70,,11582,10,0,28,1,30,,11583,10,0,28,1,73,,11584,10,0,28,1,20,,11585,10,0,28,1,60,,11586,10,0,28,1,20,,11587,10,0,28,1,20,,11588,10,0,28,1,60,,11589,10,0,28,1,20,,11590,10,0,28,1,20,,11591,10,0,28,1,60,,11592,10,0,28,1,20,,11593,10,0,28,1,20,,11594,10,0,28,1,60,,11595,10,0,28,1,15,,11596,10,0,28,1,30,,11597,10,0,28,1,70,,11598,10,0,28,1,30,,11599,10,0,28,1,70,,11600,10,0,28,1,30,,11601,10,0,28,1,70,,11602,10,0,28,1,30,,11603,10,0,28,1,70,,11604,10,0,28,1,30,,11605,10,0,28,1,70,,11606,10,0,28,1,30,,11607,10,0,28,1,70,,11608,10,0,28,1
701,'2',550,,11609,10,0,28,1,70,,11610,10,0,28,1,30,,11611,10,0,28,1,70,,11612,10,0,28,1,30,,11613,10,0,28,1,70,,11614,10,0,28,1,30,,11615,10,0,28,1,70,,11616,10,0,28,1,30,,11617,10,0,28,1,70,,11618,10,0,28,1,30,,11619,10,0,28,1,70,,11620,10,0,28,1,30,,11621,10,0,28,1,70,,11622,10,0,28,1,30,,11623,10,0,28,1,70,,11624,10,0,28,1,30,,11625,10,0,28,1,70,,11626,10,0,28,1,30,,11627,10,0,28,1,70,,11628,10,0,28,1,30,,11629,10,0,28,1,70,,11630,10,0,28,1,30,,11631,10,0,28,1,70,,11632,10,0,28,1,30,,11633,10,0,28,1,70,,11634,10,0,28,1,30,,11635,10,0,28,1,70,,11636,10,0,28,1,30,,11637,10,0,28,1,70,,11638,10,0,28,1,30,,11639,10,0,28,1,70,,11640,10,0,28,1,30,,11641,10,0,28,1,70,,11642,10,0,28,1,30,,11643,10,0,28,1,70,,11644,10,0,28,1,30,,11645,10,0,28,1,70,,11646,10,0,28,1
701,'3',920,,11647,10,0,28,1,30,,11648,10,0,28,1,70,,11649,10,0,28,1,30,,11650,10,0,28,1,70,,11651,10,0,28,1,30,,11652,10,0,28,1,70,,11653,10,0,28,1,30,,11654,10,0,28,1,70,,11655,10,0,28,1,30,,11656,10,0,28,1,70,,11657,10,0,28,1,30,,11658,10,0,28,1,70,,11659,10,0,28,1,30,,11660,10,0,28,1,70,,11661,10,0,28,1,30,,11662,10,0,28,1,70,,11663,10,0,28,1,30,,11664,10,0,28,1,70,,11665,10,0,28,1,30,,11666,10,0,28,1
9900,'1',553,,14602,12,,,1,50,,14603,12,,,1,10,,14604,12,,,1,10,,14605,12,,,1,10,,14606,12,,,1,10,,14607,12,,,1,10,,14608,12,,,1,50,,14609,12,,,1,10,,14610,12,,,1,10,,14611,12,,,1,10,,14612,12,,,1,10,,14613,12,,,1,5,,14711,12,,,1,5,,14614,12,,,1,50,,14615,12,,,1,10,,14616,12,,,1,5,,14712,12,,,1,5,,14617,12,,,1,10,,14618,12,,,1,10,,14619,12,,,1,5,,14713,12,,,1,5,,14620,12,,,1,50,,14621,12,,,1,10,,14622,12,,,1,5,,14714,12,,,1,5,,14623,12,,,1,10,,14624,12,,,1,10,,14625,12,,,1,5,,14715,12,,,1,5,,14626,12,,,1,50,,14627,12,,,1,10,,14628,12,,,1,5,,14716,12,,,1,5,,14629,12,,,1,10,,14630,12,,,1,10,,14631,12,,,1,5,,14717,12,,,1,5,,14632,12,,,1,4,,14718,12,,,1,46,,14633,12,,,1,10,,14634,12,,,1,10,,14635,12,,,1,4,,14719,12,,,1,6,,14636,12,,,1,10,,14637,12,,,1,10,,14638,12,,,1,4,,14720,12,,,1,46,,14639,12,,,1,10,,14640,12,,,1,10,,14641,12,,,1,4,,14721,12,,,1,6,,14642,12,,,1,10,,14643,12,,,1,10,,14644,12,,,1,4,,14722,12,,,1,46,,14645,12,,,1,10,,14646,12,,,1,10,,14647,12,,,1,4,,14723,12,,,1,6,,14648,12,,,1,10,,14649,12,,,1,10,,14650,12,,,1,4,,14724,12,,,1,46,,14651,12,,,1,10,,14652,12,,,1,10,,14653,12,,,1,4,,14725,12,,,1,6,,14654,12,,,1,10,,14655,12,,,1,5,,14726,12,,,1,5,,14656,12,,,1,4,,14727,12,,,1,46,,14657,12,,,1,10,,14658,12,,,1,5,,14728,12,,,1,5,,14660,12,,,1,4,,14729,12,,,1,6,,14661,12,,,1,10,,14662,12,,,1,5,,14730,12,,,1,5,,14663,12,,,1,4,,14731,12,,,1,46,,14664,12,,,1,10,,14665,12,,,1,5,,14732,12,,,1,5,,14666,12,,,1,4,,14733,12,,,1,6,,14667,12,,,1,10,,14668,12,,,1,5,,14734,12,,,1,5,,14669,12,,,1,4,,14735,12,,,1,46,,14670,12,,,1,10,,14671,12,,,1,5,,14736,12,,,1,5,,14672,12,,,1,4,,14737,12,,,1,6,,14673,12,,,1,10,,14674,12,,,1,5,,14738,12,,,1,5,,14675,12,,,1,50,,14676,12,,,1,10,,14677,12,,,1,5,,14739,12,,,1,5,,14678,12,,,1,10,,14679,12,,,1,10,,14680,12,,,1,10,,14681,12,,,1,50,,14682,12,,,1,10,,14683,12,,,1,10,,14684,12,,,1,10,,14685,12,,,1,10,,14686,12,,,1,10,,14687,12,,,1,50,,14688,12,,,1,10,,14689,12,,,1,10,,14690,12,,,1,10,,14691,12,,,1,10,,14692,12,,,1,10,,14693,12,,,1,50,,14694,12,,,1,10,,14695,12,,,1,10,,14696,12,,,1,15,,14697,12,,,1,15,,14698,12,,,1,55,,14699,12,,,1,15,,14700,12,,,1,15,,14701,12,,,1,15,,14702,12,,,1,55,,14703,12,,,1,15,,14704,12,,,1,15,,14705,12,,,1,15,,14706,12,,,1,55,,14707,12,,,1,15,,14708,12,,,1,15,,14709,12,,,1,15,,14710,12,,,1
9900,'2',553,,14830,12,,,1,55,,14827,12,,,1,15,,14828,12,,,1,15,,14825,12,,,1,15,,14826,12,,,1,55,,14823,12,,,1,15,,14824,12,,,1,15,,14821,12,,,1,15,,14822,12,,,1,55,,14819,12,,,1,15,,14820,12,,,1,15,,14817,12,,,1,15,,14818,12,,,1,55,,14815,12,,,1,15,,14816,12,,,1,15,,14813,12,,,1,15,,14814,12,,,1,55,,14811,12,,,1,15,,14812,12,,,1,15,,14809,12,,,1,15,,14810,12,,,1,55,,14807,12,,,1,15,,14808,12,,,1,15,,14805,12,,,1,15,,14806,12,,,1,55,,14803,12,,,1,15,,14804,12,,,1,15,,14801,12,,,1,15,,14802,12,,,1,55,,14799,12,,,1,15,,14800,12,,,1,15,,14797,12,,,1,15,,14798,12,,,1,55,,14796,12,,,1,15,,14794,12,,,1,15,,14793,12,,,1,15,,14795,12,,,1,55,,14832,12,,,1,15,,14792,12,,,1,15,,14790,12,,,1,15,,14791,12,,,1,55,,14788,12,,,1,15,,14789,12,,,1,15,,14786,12,,,1,15,,14787,12,,,1,55,,14784,12,,,1,15,,14785,12,,,1,15,,14782,12,,,1,15,,14783,12,,,1,55,,14780,12,,,1,15,,14781,12,,,1,15,,14778,12,,,1,15,,14779,12,,,1,55,,14777,12,,,1,15,,14775,12,,,1,15,,14774,12,,,1,15,,14776,12,,,1,55,,14772,12,,,1,15,,14773,12,,,1,15,,14770,12,,,1,15,,14771,12,,,1,55,,14768,12,,,1,15,,14769,12,,,1,15,,14766,12,,,1,15,,14767,12,,,1,55,,14765,12,,,1,15,,14764,12,,,1,15,,14762,12,,,1,15,,14763,12,,,1,55,,14760,12,,,1,15,,14761,12,,,1,15,,14759,12,,,1,15,,14756,12,,,1,55,,14758,12,,,1,15,,14757,12,,,1,15,,14755,12,,,1
9900,'3',723,,14836,12,,,1,15,,14837,12,,,1,15,,14838,12,,,1,55,,14839,12,,,1,15,,14840,12,,,1,15,,14841,12,,,1,15,,14842,12,,,1,55,,14843,12,,,1,15,,14844,12,,,1,15,,14845,12,,,1,15,,14846,12,,,1,55,,14847,12,,,1,15,,14848,12,,,1,15,,14849,12,,,1,15,,14850,12,,,1,55,,14851,12,,,1,15,,14852,12,,,1,15,,14853,12,,,1,15,,14854,12,,,1,55,,14855,12,,,1,15,,14856,12,,,1,15,,14857,12,,,1,15,,14858,12,,,1,55,,14859,12,,,1,15,,14860,12,,,1,15,,14861,12,,,1,15,,14862,12,,,1,55,,14863,12,,,1,15,,14864,12,,,1,15,,14865,12,,,1,15,,14866,12,,,1,55,,14867,12,,,1,15,,14868,12,,,1,15,,14869,12,,,1,15,,14870,12,,,1,55,,14871,12,,,1,15,,14872,12,,,1,15,,14873,12,,,1,15,,14874,12,,,1,55,,14875,12,,,1,15,,14876,12,,,1,15,,14877,12,,,1,15,,14878,12,,,1,55,,14879,12,,,1,15,,14880,12,,,1,15,,14881,12,,,1,15,,14882,12,,,1,55,,14883,12,,,1,15,,14884,12,,,1,15,,14885,12,,,1,15,,14886,12,,,1,55,,14887,12,,,1,15,,14888,12,,,1,15,,14889,12,,,1,15,,14890,12,,,1,55,,14891,12,,,1,15,,14892,12,,,1,15,,14893,12,,,1,15,,14894,12,,,1,55,,14895,12,,,1
9900,'7',923,,14916,12,,,1,30,,14915,12,,,1,70,,14914,12,,,1,30,,14913,12,,,1,70,,14912,12,,,1,30,,14911,12,,,1,70,,14910,12,,,1,30,,14909,12,,,1,70,,14908,12,,,1,30,,14907,12,,,1,70,,14906,12,,,1,30,,14905,12,,,1,70,,14904,12,,,1,30,,14903,12,,,1,70,,14902,12,,,1,30,,14901,12,,,1,70,,14900,12,,,1,30,,14899,12,,,1,70,,14898,12,,,1,30,,14897,12,,,1
1119800,'14802',2544,,15357,12,,,1,70,,15358,12,,,1
1119800,'8001',2544,,15360,12,,,1,70,,15359,12,,,1
21005601,'12701',714,,15584,12,0,14 29,1,20,,15585,12,0,14 29,1,20,,15586,12,0,14 29,1,60,,15587,12,0,14 29,1,20,,15588,12,0,14 29,1,20,,15589,12,0,14 29,1,60,,15590,12,0,14 29,1,20,,15591,12,0,14 29,1,20,,15592,12,0,14 29,1,60,,15593,12,0,14 29,1,21,,15594,12,0,14 29,1,20,,15595,12,0,14 29,1,60,,15596,12,0,14 29,1,20,,15597,12,0,14 29,1,20,,15598,12,0,14 29,1,60,,15599,12,0,14 29,1,20,,15600,12,0,14 29,1,20,,15601,12,0,14 29,1,60,,15602,12,0,14 29,1,20,,15603,12,0,14 29,1,20,,15604,12,0,14 29,1,61,,15605,12,0,14 29,1,20,,15606,12,0,14 29,1,20,,15607,12,0,14 29,1,60,,15608,12,0,14 29,1,20,,15609,12,0,14 29,1,20,,15610,12,0,14 29,1,60,,15611,12,0,14 29,1,20,,15612,12,0,14 29,1,20,,15613,12,0,14 29,1,60,,15614,12,0,14 29,1,20,,15615,12,0,14 29,1,20,,15616,12,0,14 29,1,57,,15617,12,0,14 29,1,25,,15618,12,0,14 29,1,70,,15619,12,0,14 29,1,30,,15620,12,0,14 29,1,70,,15621,12,0,14 29,1,30,,15622,12,0,14 29,1,70,,15623,12,0,14 29,1
21005801,'12701',732,,15666,3,0,14 24,1,20,,15667,3,0,14 24,1,60,,15668,3,0,14 24,1,20,,15669,3,0,14 24,1,20,,15670,3,0,14 24,1,60,,15671,3,0,14 24,1,20,,15672,3,0,14 24,1,20,,15673,3,0,14 24,1,60,,15674,3,0,14 24,1,20,,15675,3,0,14 24,1,20,,15676,3,0,14 24,1,60,,15677,3,0,14 24,1,20,,15678,3,0,14 24,1,20,,15679,3,0,14 24,1,60,,15680,3,0,14 24,1,20,,15681,3,0,14 24,1,20,,15682,3,0,14 24,1,60,,15683,3,0,14 24,1,20,,15684,3,0,14 24,1,20,,15685,3,0,14 24,1,60,,15686,3,0,14 24,1,20,,15687,3,0,14 24,1,20,,15688,3,0,14 24,1,60,,15689,3,0,14 24,1,20,,15690,3,0,14 24,1,20,,15691,3,0,14 24,1,60,,15692,3,0,14 24,1,20,,15693,3,0,14 24,1,20,,15694,3,0,14 24,1,60,,15695,3,0,14 24,1,20,,15696,3,0,14 24,1,20,,15697,3,0,14 24,1,59,,15698,3,0,14 24,1,20,,15699,3,0,14 24,1,20,,15700,3,0,14 24,1,60,,15701,3,0,14 24,1,20,,15702,3,0,14 24,1,20,,15703,3,0,14 24,1,60,,15704,3,0,14 24,1,20,,15705,3,0,14 24,1,20,,15706,3,0,14 24,1,60,,15707,3,0,14 24,1
