1500,'1',602,,13126,3,0,23,1,30,,13127,3,0,23,1,70,,13128,3,0,23,1,30,,13129,3,0,23,1,70,,13130,3,0,23,1,30,,13131,3,0,23,1,70,,13132,3,0,23,1,30,,13133,3,0,23,1,70,,13134,3,0,23,1,30,,13135,3,0,23,1,70,,13136,3,0,23,1,30,,13137,3,0,23,1,70,,13138,3,0,23,1,30,,13139,3,0,23,1,70,,13140,3,0,23,1,30,,13141,3,0,23,1,70,,13142,3,0,23,1,30,,13143,3,0,23,1,70,,13144,3,0,23,1,30,,13145,3,0,23,1,70,,13146,3,0,23,1,30,,13147,3,0,23,1,70,,13148,3,0,23,1,30,,13149,3,0,23,1,70,,13150,3,0,23,1,30,,13151,3,0,23,1,70,,13152,3,0,23,1,30,,13153,3,0,23,1,70,,13154,3,0,23,1,30,,13155,3,0,23,1,70,,13156,3,0,23,1,30,,13157,3,0,23,1,70,,13158,3,0,23,1,30,,13159,3,0,23,1,70,,13160,3,0,23,1,30,,13161,3,0,23,1,70,,13162,3,0,23,1,30,,13163,3,0,23,1
1500,'2',602,,13164,3,0,23,1,30,,13165,3,0,23,1,70,,13166,3,0,23,1,30,,13167,3,0,23,1,70,,13168,3,0,23,1,30,,13169,3,0,23,1,70,,13170,3,0,23,1,30,,13171,3,0,23,1,70,,13172,3,0,23,1,30,,13173,3,0,23,1,70,,13174,3,0,23,1,30,,13175,3,0,23,1,70,,13176,3,0,23,1,30,,13177,3,0,23,1,70,,13178,3,0,23,1,30,,13179,3,0,23,1,70,,13180,3,0,23,1,30,,13181,3,0,23,1,70,,13182,3,0,23,1,30,,13183,3,0,23,1,70,,13184,3,0,23,1,30,,13185,3,0,23,1,70,,13186,3,0,23,1,30,,13187,3,0,23,1,70,,13188,3,0,23,1,30,,13189,3,0,23,1,70,,13190,3,0,23,1,30,,13191,3,0,23,1,70,,13192,3,0,23,1,30,,13193,3,0,23,1,70,,13194,3,0,23,1,30,,13195,3,0,23,1,70,,13196,3,0,23,1,30,,13197,3,0,23,1,70,,13198,3,0,23,1,30,,13199,3,0,23,1,70,,13200,3,0,23,1,30,,13201,3,0,23,1
1500,'3',932,,13202,3,0,23,1,70,,13203,3,0,23,1,30,,13204,3,0,23,1,70,,13205,3,0,23,1,30,,13206,3,0,23,1,70,,13207,3,0,23,1,30,,13208,3,0,23,1,70,,13209,3,0,23,1,30,,13210,3,0,23,1,70,,13211,3,0,23,1,30,,13212,3,0,23,1,70,,13213,3,0,23,1,30,,13214,3,0,23,1,70,,13215,3,0,23,1,30,,13216,3,0,23,1,70,,13217,3,0,23,1,30,,13218,3,0,23,1,70,,13219,3,0,23,1,30,,13220,3,0,23,1,70,,13221,3,0,23,1
1700,'1',553,,13515,3,0,25 26,1,70,,13516,3,0,25 26,1,30,,13517,3,0,25 26,1,65,,13513,3,0,25 26,1,5,,13518,3,0,25 26,1,30,,13519,3,0,25 26,1,70,,13520,3,0,25 26,1,30,,13521,3,0,25 26,1,70,,13522,3,0,25 26,1,30,,13523,3,0,25 26,1,70,,13524,3,0,25 26,1,30,,13525,3,0,25 26,1,71,,13526,3,0,25 26,1,30,,13527,3,0,25 26,1,70,,13528,3,0,25 26,1,30,,13529,3,0,25 26,1,70,,13530,3,0,25 26,1,30,,13531,3,0,25 26,1,70,,13532,3,0,25 26,1,30,,13533,3,0,25 26,1,70,,13534,3,0,25 26,1,29,,13535,3,0,25 26,1,70,,13536,3,0,25 26,1,30,,13537,3,0,25 26,1,70,,13538,3,0,25 26,1,30,,13539,3,0,25 26,1,70,,13540,3,0,25 26,1,30,,13541,3,0,25 26,1,70,,13542,3,0,25 26,1,30,,13543,3,0,25 26,1,70,,13544,3,0,25 26,1,30,,13545,3,0,25 26,1,70,,13546,3,0,25 26,1,30,,13547,3,0,25 26,1,70,,13548,3,0,25 26,1,30,,13549,3,0,25 26,1,70,,13550,3,0,25 26,1,30,,13551,3,0,25 26,1,70,,13552,3,0,25 26,1
1700,'2',553,,13590,3,0,25 26,1,70,,13589,3,0,25 26,1,30,,13588,3,0,25 26,1,71,,13587,3,0,25 26,1,30,,13586,3,0,25 26,1,70,,13585,3,0,25 26,1,30,,13584,3,0,25 26,1,70,,13583,3,0,25 26,1,30,,13582,3,0,25 26,1,70,,13581,3,0,25 26,1,30,,13580,3,0,25 26,1,70,,13579,3,0,25 26,1,30,,13578,3,0,25 26,1,70,,13577,3,0,25 26,1,30,,13576,3,0,25 26,1,70,,13575,3,0,25 26,1,30,,13574,3,0,25 26,1,70,,13573,3,0,25 26,1,30,,13572,3,0,25 26,1,70,,13571,3,0,25 26,1,30,,13570,3,0,25 26,1,70,,13569,3,0,25 26,1,31,,13568,3,0,25 26,1,70,,13567,3,0,25 26,1,30,,13566,3,0,25 26,1,70,,13565,3,0,25 26,1,29,,13564,3,0,25 26,1,70,,13563,3,0,25 26,1,30,,13562,3,0,25 26,1,70,,13561,3,0,25 26,1,30,,13560,3,0,25 26,1,70,,13559,3,0,25 26,1,30,,13558,3,0,25 26,1,70,,13557,3,0,25 26,1,29,,13556,3,0,25 26,1,70,,13555,3,0,25 26,1,30,,13554,3,0,25 26,1,70,,13553,3,0,25 26,1
1700,'3',953,,13593,3,0,25 26,1,70,,13594,3,0,25 26,1,30,,13595,3,0,25 26,1,70,,13596,3,0,25 26,1,30,,13597,3,0,25 26,1,71,,13598,3,0,25 26,1,30,,13599,3,0,25 26,1,70,,13600,3,0,25 26,1,30,,13601,3,0,25 26,1,70,,13602,3,0,25 26,1,30,,13603,3,0,25 26,1,70,,13604,3,0,25 26,1,30,,13605,3,0,25 26,1,69,,13606,3,0,25 26,1,30,,13607,3,0,25 26,1,70,,13608,3,0,25 26,1,30,,13609,3,0,25 26,1,70,,13610,3,0,25 26,1,30,,13611,3,0,25 26,1
1000400,'14802',2511,,15234,10,0,33 9 15,1,20,,15235,11,0,33 9 15,1,20,,15236,11,0,33 9 15,1,60,,15237,11,0,33 9 15,1,20,,15238,11,0,33 9 15,1
1000400,'7901',2531,,15239,11,0,33 9 15,1,80,,15240,11,0,33 9 15,1
1000400,'8001',2511,,15241,10,0,33 9 15,1,40,,15242,11,0,33 9 15,1,80,,15243,11,0,33 9 15,1
21005000,'12701',703,,15369,3,0,14 15,1,15,,15370,3,0,14 15,1,15,,15371,3,0,14 15,1,15,,15372,3,0,14 15,1,55,,15373,3,0,14 15,1,15,,15374,3,0,14 15,1,15,,15375,3,0,14 15,1,15,,15376,3,0,14 15,1,55,,15377,3,0,14 15,1,15,,15378,3,0,14 15,1,15,,15379,3,0,14 15,1,15,,15380,3,0,14 15,1,55,,15381,3,0,14 15,1,15,,15382,3,0,14 15,1,15,,15383,3,0,14 15,1,15,,15384,3,0,14 15,1,55,,15385,3,0,14 15,1,15,,15386,3,0,14 15,1,15,,15387,3,0,14 15,1,15,,15388,3,0,14 15,1,55,,15389,3,0,14 15,1,15,,15390,3,0,14 15,1,15,,15391,3,0,14 15,1,15,,15392,3,0,14 15,1,55,,15393,3,0,14 15,1,15,,15394,3,0,14 15,1,15,,15395,3,0,14 15,1,15,,15396,3,0,14 15,1,55,,15397,3,0,14 15,1,15,,15398,3,0,14 15,1,15,,15399,3,0,14 15,1,15,,15400,3,0,14 15,1,55,,15401,3,0,14 15,1,15,,15402,3,0,14 15,1,15,,15403,3,0,14 15,1,15,,15404,3,0,14 15,1,55,,15405,3,0,14 15,1,15,,15406,3,0,14 15,1,15,,15407,3,0,14 15,1,15,,15408,3,0,14 15,1,55,,15409,3,0,14 15,1,15,,15410,3,0,14 15,1,15,,15411,3,0,14 15,1,15,,15412,3,0,14 15,1,55,,15413,3,0,14 15,1,15,,15414,3,0,14 15,1,15,,15415,3,0,14 15,1,15,,15416,3,0,14 15,1,55,,15417,3,0,14 15,1,15,,15418,3,0,14 15,1,15,,15419,3,0,14 15,1,15,,15420,3,0,14 15,1,55,,15421,3,0,14 15,1,15,,15422,3,0,14 15,1,15,,15423,3,0,14 15,1,15,,15424,3,0,14 15,1
21005800,'12701',723,,15624,3,0,14 24,1,20,,15625,3,0,14 24,1,60,,15626,3,0,14 24,1,20,,15627,3,0,14 24,1,20,,15628,3,0,14 24,1,60,,15629,3,0,14 24,1,20,,15630,3,0,14 24,1,20,,15631,3,0,14 24,1,60,,15632,3,0,14 24,1,20,,15633,3,0,14 24,1,20,,15634,3,0,14 24,1,60,,15635,3,0,14 24,1,20,,15636,3,0,14 24,1,20,,15637,3,0,14 24,1,60,,15638,3,0,14 24,1,20,,15639,3,0,14 24,1,20,,15640,3,0,14 24,1,60,,15641,3,0,14 24,1,20,,15642,3,0,14 24,1,20,,15643,3,0,14 24,1,60,,15644,3,0,14 24,1,20,,15645,3,0,14 24,1,20,,15646,3,0,14 24,1,60,,15647,3,0,14 24,1,20,,15648,3,0,14 24,1,20,,15649,3,0,14 24,1,60,,15650,3,0,14 24,1,20,,15651,3,0,14 24,1,20,,15652,3,0,14 24,1,60,,15653,3,0,14 24,1,20,,15654,3,0,14 24,1,20,,15655,3,0,14 24,1,60,,15656,3,0,14 24,1,20,,15657,3,0,14 24,1,20,,15658,3,0,14 24,1,60,,15659,3,0,14 24,1,20,,15660,3,0,14 24,1,20,,15661,3,0,14 24,1,60,,15662,3,0,14 24,1,20,,15663,3,0,14 24,1,20,,15664,3,0,14 24,1,60,,15665,3,0,14 24,1
