100,'1',602,,10189,3,0,24 23,1,30,,10190,3,0,24 23,1,70,,10191,3,0,24 23,1,30,,10192,3,0,24 23,1,70,,10193,3,0,24 23,1,30,,10194,3,0,24 23,1,70,,10195,3,0,24 23,1,30,,10196,3,0,24 23,1,70,,10197,3,0,24 23,1,30,,10198,3,0,24 23,1,70,,10199,3,0,24 23,1,30,,10200,3,0,24 23,1,70,,10201,3,0,24 23,1,30,,10202,3,0,24 23,1,70,,10203,3,0,24 23,1,30,,10204,3,0,24 23,1,70,,10205,3,0,24 23,1,30,,10206,3,0,24 23,1,70,,10207,3,0,24 23,1,30,,10208,3,0,24 23,1,70,,10209,3,0,24 23,1,30,,10210,3,0,24 23,1,70,,10211,3,0,24 23,1,30,,10212,3,0,24 23,1,70,,10213,3,0,24 23,1,30,,10214,3,0,24 23,1,70,,10215,3,0,24 23,1,30,,10216,3,0,24 23,1,70,,10217,3,0,24 23,1,30,,10218,3,0,24 23,1,70,,10219,3,0,24 23,1,30,,10220,3,0,24 23,1,70,,10221,3,0,24 23,1,30,,10222,3,0,24 23,1,70,,10223,3,0,24 23,1,30,,10224,3,0,24 23,1,70,,10225,3,0,24 23,1,30,,10226,3,0,24 23,1
100,'2',602,,10227,3,0,24 23,1,30,,10228,3,0,24 23,1,70,,10229,3,0,24 23,1,30,,10230,3,0,24 23,1,70,,10231,3,0,24 23,1,30,,10232,3,0,24 23,1,70,,10233,3,0,24 23,1,30,,10234,3,0,24 23,1,70,,10235,3,0,24 23,1,30,,10236,3,0,24 23,1,70,,10237,3,0,24 23,1,30,,10238,3,0,24 23,1,70,,10239,3,0,24 23,1,30,,10240,3,0,24 23,1,70,,10241,3,0,24 23,1,30,,10242,3,0,24 23,1,70,,10243,3,0,24 23,1,30,,10244,3,0,24 23,1,70,,10245,3,0,24 23,1,30,,10246,3,0,24 23,1,70,,10247,3,0,24 23,1,30,,10248,3,0,24 23,1,70,,10249,3,0,24 23,1,30,,10250,3,0,24 23,1,70,,10251,3,0,24 23,1,30,,10252,3,0,24 23,1,70,,10253,3,0,24 23,1,30,,10254,3,0,24 23,1,70,,10255,3,0,24 23,1,30,,10256,3,0,24 23,1,70,,10257,3,0,24 23,1,30,,10258,3,0,24 23,1,70,,10259,3,0,24 23,1,30,,10260,3,0,24 23,1,70,,10261,3,0,24 23,1,30,,10262,3,0,24 23,1,70,,10263,3,0,24 23,1,30,,10264,3,0,24 23,1
100,'3',932,,10265,3,0,24 23,1,70,,10266,3,0,24 23,1,30,,10267,3,0,24 23,1,70,,10268,3,0,24 23,1,30,,10269,3,0,24 23,1,70,,10270,3,0,24 23,1,30,,10271,3,0,24 23,1,70,,10272,3,0,24 23,1,30,,10273,3,0,24 23,1,70,,10274,3,0,24 23,1,30,,10275,3,0,24 23,1,70,,10276,3,0,24 23,1,30,,10277,3,0,24 23,1,70,,10278,3,0,24 23,1,30,,10279,3,0,24 23,1,70,,10280,3,0,24 23,1,30,,10281,3,0,24 23,1,70,,10282,3,0,24 23,1,30,,10283,3,0,24 23,1,70,,10284,3,0,24 23,1
600,'1',601,,11249,3,0,17,1,30,,11250,3,0,17,1,70,,11251,3,0,17,1,20,,11252,3,0,17,1,20,,11253,3,0,17,1,60,,11254,3,0,17,1,20,,11255,3,0,17,1,20,,11256,3,0,17,1,60,,11257,3,0,17,1,20,,11258,3,0,17,1,20,,11259,3,0,17,1,60,,11260,3,0,17,1,30,,11261,3,0,17,1,70,,11262,3,0,17,1,30,,11263,3,0,17,1,70,,11264,3,0,17,1,30,,11265,3,0,17,1,70,,11266,3,0,17,1,30,,11267,3,0,17,1,71,,11268,3,0,17,1,20,,11269,3,0,17,1,20,,11270,3,0,17,1,60,,11271,3,0,17,1,20,,11272,3,0,17,1,20,,11273,3,0,17,1,60,,11274,3,0,17,1,20,,11275,3,0,17,1,20,,11276,3,0,17,1,60,,11277,3,0,17,1,20,,11278,3,0,17,1,20,,11279,3,0,17,1,59,,11280,3,0,17,1,30,,11281,3,0,17,1,70,,11282,3,0,17,1,30,,11283,3,0,17,1,70,,11284,3,0,17,1,30,,11285,3,0,17,1,70,,11286,3,0,17,1,30,,11287,3,0,17,1,70,,11288,3,0,17,1,30,,11289,3,0,17,1,70,,11290,3,0,17,1,30,,11291,3,0,17,1,70,,11292,3,0,17,1,30,,11293,3,0,17,1
600,'2',601,,11331,3,0,17,1,30,,11330,3,0,17,1,70,,11329,3,0,17,1,30,,11328,3,0,17,1,70,,11327,3,0,17,1,30,,11326,3,0,17,1,70,,11325,3,0,17,1,30,,11324,3,0,17,1,70,,11323,3,0,17,1,30,,11322,3,0,17,1,70,,11321,3,0,17,1,30,,11320,3,0,17,1,70,,11319,3,0,17,1,30,,11318,3,0,17,1,70,,11317,3,0,17,1,30,,11316,3,0,17,1,70,,11315,3,0,17,1,30,,11314,3,0,17,1,70,,11313,3,0,17,1,30,,11312,3,0,17,1,70,,11311,3,0,17,1,30,,11310,3,0,17,1,70,,11309,3,0,17,1,30,,11308,3,0,17,1,70,,11307,3,0,17,1,30,,11306,3,0,17,1,70,,11305,3,0,17,1,30,,11304,3,0,17,1,70,,11303,3,0,17,1,30,,11302,3,0,17,1,70,,11301,3,0,17,1,30,,11300,3,0,17,1,70,,11299,3,0,17,1,30,,11298,3,0,17,1,70,,11297,3,0,17,1,30,,11296,3,0,17,1,70,,11295,3,0,17,1,30,,11294,3,0,17,1
600,'3',931,,11332,3,0,17,1,70,,11333,3,0,17,1,30,,11334,3,0,17,1,70,,11335,3,0,17,1,30,,11336,3,0,17,1,70,,11337,3,0,17,1,30,,11338,3,0,17,1,70,,11339,3,0,17,1,30,,11340,3,0,17,1,70,,11341,3,0,17,1,30,,11342,3,0,17,1,70,,11343,3,0,17,1,30,,11344,3,0,17,1,70,,11345,3,0,17,1,30,,11346,3,0,17,1,70,,11347,3,0,17,1,30,,11348,3,0,17,1,70,,11349,3,0,17,1,30,,11350,3,0,17,1,70,,11351,3,0,17,1
700,'1',601,,11503,3,0,28,1,30,,11502,3,0,28,1,70,,11501,3,0,28,1,20,,11500,3,0,28,1,20,,11499,3,0,28,1,60,,11498,3,0,28,1,20,,11497,3,0,28,1,20,,11496,3,0,28,1,60,,11495,3,0,28,1,20,,11494,3,0,28,1,20,,11493,3,0,28,1,60,,11492,3,0,28,1,30,,11491,3,0,28,1,70,,11490,3,0,28,1,30,,11489,3,0,28,1,70,,11488,3,0,28,1,30,,11487,3,0,28,1,70,,11486,3,0,28,1,30,,11485,3,0,28,1,71,,11484,3,0,28,1,20,,11483,3,0,28,1,20,,11482,3,0,28,1,60,,11481,3,0,28,1,20,,11480,3,0,28,1,20,,11479,3,0,28,1,60,,11478,3,0,28,1,20,,11477,3,0,28,1,20,,11476,3,0,28,1,60,,11475,3,0,28,1,20,,11474,3,0,28,1,20,,11473,3,0,28,1,59,,11472,3,0,28,1,30,,11471,3,0,28,1,70,,11470,3,0,28,1,30,,11469,3,0,28,1,70,,11468,3,0,28,1,30,,11467,3,0,28,1,70,,11466,3,0,28,1,30,,11465,3,0,28,1,70,,11464,3,0,28,1,30,,11463,3,0,28,1,70,,11462,3,0,28,1,30,,11461,3,0,28,1,70,,11460,3,0,28,1,30,,11458,3,0,28,1
700,'2',601,,11541,3,0,28,1,30,,11540,3,0,28,1,70,,11539,3,0,28,1,30,,11538,3,0,28,1,70,,11537,3,0,28,1,30,,11536,3,0,28,1,70,,11535,3,0,28,1,30,,11534,3,0,28,1,70,,11533,3,0,28,1,30,,11532,3,0,28,1,70,,11531,3,0,28,1,30,,11530,3,0,28,1,70,,11529,3,0,28,1,30,,11528,3,0,28,1,70,,11527,3,0,28,1,30,,11526,3,0,28,1,70,,11525,3,0,28,1,30,,11524,3,0,28,1,70,,11523,3,0,28,1,30,,11522,3,0,28,1,70,,11521,3,0,28,1,30,,11520,3,0,28,1,70,,11519,3,0,28,1,30,,11518,3,0,28,1,70,,11517,3,0,28,1,30,,11516,3,0,28,1,70,,11515,3,0,28,1,30,,11514,3,0,28,1,70,,11513,3,0,28,1,30,,11512,3,0,28,1,70,,11511,3,0,28,1,30,,11510,3,0,28,1,70,,11509,3,0,28,1,30,,11508,3,0,28,1,70,,11507,3,0,28,1,30,,11506,3,0,28,1,70,,11505,3,0,28,1,30,,11504,3,0,28,1
700,'3',931,,11544,3,0,28,1,70,,11545,3,0,28,1,30,,11546,3,0,28,1,70,,11547,3,0,28,1,30,,11548,3,0,28,1,70,,11549,3,0,28,1,30,,11550,3,0,28,1,70,,11551,3,0,28,1,30,,11552,3,0,28,1,70,,11553,3,0,28,1,30,,11554,3,0,28,1,70,,11555,3,0,28,1,30,,11556,3,0,28,1,70,,11557,3,0,28,1,30,,11558,3,0,28,1,70,,11559,3,0,28,1,30,,11560,3,0,28,1,70,,11561,3,0,28,1,30,,11562,3,0,28,1,70,,11563,3,0,28,1
9901,'1',551,,14917,3,,,1,50,,14918,11,,,1,10,,14919,11,,,1,10,,14920,23,,,1,10,,14921,23,,,1,10,,14922,23,,,1,10,,14923,23,,,1,50,,14924,23,,,1,10,,14925,23,,,1,10,,14926,23,,,1,6,,15029,3,,,1,4,,14927,23,,,1,10,,14928,23,,,1,10,,14929,23,,,1,6,,15030,3,,,1,44,,14930,23,,,1,10,,14931,23,,,1,10,,14932,23,,,1,6,,15031,3,,,1,4,,14933,23,,,1,10,,14934,23,,,1,10,,14935,23,,,1,6,,15032,3,,,1,44,,14936,23,,,1,10,,14937,23,,,1,10,,14938,23,,,1,6,,15033,3,,,1,4,,14939,23,,,1,10,,14940,23,,,1,10,,14941,23,,,1,6,,15034,3,,,1,44,,14942,23,,,1,10,,14943,23,,,1,10,,14944,23,,,1,6,,15035,3,,,1,4,,14945,23,,,1,5,,15036,3,,,1,5,,14946,23,,,1,10,,14947,23,,,1,50,,14948,23,,,1,5,,15037,3,,,1,5,,14949,23,,,1,10,,14950,23,,,1,10,,14951,23,,,1,5,,15038,3,,,1,5,,14952,23,,,1,10,,14953,23,,,1,50,,14954,23,,,1,5,,15039,3,,,1,5,,14955,23,,,1,10,,14956,23,,,1,10,,14957,23,,,1,5,,15040,3,,,1,5,,14958,23,,,1,10,,14959,23,,,1,50,,14960,23,,,1,5,,15041,3,,,1,5,,14961,23,,,1,10,,14962,23,,,1,10,,14963,23,,,1,5,,15042,3,,,1,5,,14964,23,,,1,10,,14965,23,,,1,50,,14966,23,,,1,5,,15043,3,,,1,5,,14967,23,,,1,10,,14968,23,,,1,6,,15044,3,,,1,4,,14969,23,,,1,5,,15045,3,,,1,5,,14970,23,,,1,10,,14971,23,,,1,6,,15046,3,,,1,44,,14972,23,,,1,5,,15047,3,,,1,5,,14973,23,,,1,10,,14974,23,,,1,6,,15048,3,,,1,4,,14975,23,,,1,5,,15049,3,,,1,5,,14976,23,,,1,10,,14977,23,,,1,6,,15050,3,,,1,44,,14978,23,,,1,5,,15051,3,,,1,5,,14979,23,,,1,10,,14980,23,,,1,6,,15052,3,,,1,4,,14981,23,,,1,5,,15053,3,,,1,5,,14982,23,,,1,10,,14983,23,,,1,6,,15054,3,,,1,44,,14984,23,,,1,5,,15055,3,,,1,5,,14985,23,,,1,10,,14986,23,,,1,6,,15056,3,,,1,4,,14987,23,,,1,10,,14988,23,,,1,10,,14989,23,,,1,6,,15057,3,,,1,44,,14990,23,,,1,10,,14991,23,,,1,10,,14992,23,,,1,10,,14993,23,,,1,10,,14994,23,,,1,10,,14995,23,,,1,50,,14996,23,,,1,10,,14997,23,,,1,10,,14998,23,,,1,10,,14999,23,,,1,10,,15000,23,,,1,10,,15001,23,,,1,50,,15002,23,,,1,10,,15003,23,,,1,10,,15004,23,,,1,10,,15005,23,,,1,10,,15006,23,,,1,10,,15007,23,,,1,50,,15008,23,,,1,10,,15009,23,,,1,10,,15010,23,,,1,10,,15011,23,,,1,10,,15012,23,,,1,10,,15013,23,,,1,50,,15014,23,,,1,10,,15015,23,,,1,10,,15016,23,,,1,10,,15017,23,,,1,15,,15019,11,,,1,55,,15020,23,,,1,15,,15021,11,,,1,15,,15022,23,,,1,15,,15023,11,,,1,55,,15024,23,,,1,15,,15025,11,,,1,15,,15026,23,,,1
9901,'2',546,,15149,3,,,1,55,,15148,11,,,1,15,,15146,11,,,1,15,,15147,23,,,1,15,,15144,11,,,1,55,,15145,23,,,1,15,,15142,11,,,1,15,,15143,23,,,1,15,,15140,11,,,1,55,,15141,23,,,1,15,,15138,11,,,1,15,,15139,23,,,1,15,,15136,11,,,1,55,,15137,23,,,1,15,,15134,11,,,1,15,,15135,23,,,1,15,,15132,11,,,1,55,,15133,23,,,1,15,,15130,11,,,1,15,,15131,23,,,1,15,,15128,11,,,1,55,,15129,23,,,1,15,,15126,11,,,1,15,,15127,23,,,1,15,,15124,11,,,1,55,,15125,23,,,1,15,,15122,11,,,1,15,,15123,23,,,1,15,,15120,11,,,1,55,,15121,23,,,1,15,,15118,11,,,1,15,,15119,23,,,1,15,,15116,11,,,1,55,,15117,23,,,1,15,,15114,11,,,1,15,,15115,23,,,1,15,,15150,11,,,1,55,,15113,23,,,1,15,,15111,11,,,1,15,,15151,3,,,1,15,,15109,11,,,1,55,,15110,23,,,1,15,,15107,11,,,1,15,,15108,23,,,1,15,,15105,11,,,1,55,,15106,23,,,1,15,,15103,11,,,1,15,,15104,23,,,1,15,,15101,11,,,1,55,,15102,23,,,1,15,,15099,11,,,1,15,,15100,23,,,1,15,,15097,11,,,1,55,,15098,23,,,1,15,,15095,11,,,1,15,,15096,23,,,1,15,,15093,11,,,1,55,,15094,23,,,1,15,,15091,11,,,1,15,,15092,23,,,1,15,,15089,11,,,1,55,,15090,23,,,1,15,,15087,11,,,1,15,,15088,23,,,1,15,,15085,11,,,1,55,,15086,23,,,1,15,,15083,11,,,1,15,,15084,23,,,1,15,,15081,11,,,1,55,,15082,23,,,1,15,,15079,11,,,1,15,,15080,23,,,1,15,,15077,11,,,1,55,,15078,23,,,1,15,,15075,11,,,1,15,,15076,23,,,1
9901,'3',731,,15152,11,,,1,15,,15153,11,,,1,55,,15154,23,,,1,15,,15155,11,,,1,15,,15156,23,,,1,15,,15157,11,,,1,55,,15158,23,,,1,15,,15159,11,,,1,15,,15160,23,,,1,15,,15161,11,,,1,55,,15162,23,,,1,15,,15163,11,,,1,15,,15164,23,,,1,15,,15165,11,,,1,55,,15166,23,,,1,15,,15167,11,,,1,15,,15168,23,,,1,15,,15169,11,,,1,55,,15170,23,,,1,15,,15171,11,,,1,15,,15172,23,,,1,15,,15173,11,,,1,55,,15174,23,,,1,15,,15175,11,,,1,15,,15176,23,,,1,15,,15177,11,,,1,55,,15178,23,,,1,15,,15179,11,,,1,15,,15180,23,,,1,15,,15181,11,,,1,55,,15182,23,,,1,15,,15183,11,,,1,15,,15184,23,,,1,15,,15185,11,,,1,55,,15186,23,,,1,15,,15187,11,,,1,15,,15188,23,,,1,15,,15189,11,,,1,55,,15190,23,,,1,15,,15191,11,,,1,15,,15192,23,,,1,15,,15193,11,,,1,55,,15194,23,,,1,15,,15195,11,,,1,15,,15196,23,,,1,15,,15197,11,,,1,55,,15198,23,,,1,15,,15199,11,,,1,15,,15200,23,,,1,15,,15201,11,,,1,55,,15202,23,,,1,15,,15203,11,,,1,15,,15204,23,,,1,15,,15205,11,,,1,55,,15206,23,,,1,15,,15207,11,,,1,15,,15208,23,,,1,15,,15209,11,,,1,55,,15210,23,,,1,15,,15211,11,,,1,15,,15212,23,,,1
9901,'7',931,,15214,11,,,1,70,,15215,23,,,1,30,,15216,23,,,1,70,,15217,23,,,1,30,,15218,23,,,1,70,,15219,23,,,1,30,,15220,23,,,1,70,,15221,23,,,1,30,,15222,23,,,1,70,,15223,23,,,1,30,,15224,23,,,1,70,,15225,23,,,1,30,,15226,23,,,1,70,,15227,23,,,1,30,,15228,23,,,1,70,,15229,23,,,1,30,,15230,23,,,1,70,,15231,23,,,1,30,,15232,23,,,1,70,,15233,23,,,1
1000600,'14802',2512,,15293,2,0,24 29,1,20,,15294,2,0,24 29,1,20,,15295,2,0,24 29,1,60,,15296,2,0,24 29,1,20,,15297,2,0,24 29,1
1000600,'7901',2532,,15298,2,0,24 29,1,80,,15299,2,0,24 29,1
1000600,'8001',2512,,15300,2,0,24 29,1,40,,15301,2,0,24 29,1,80,,15302,2,0,24 29,1
1000800,'3403',1817,,15333,3,,,1,35,,15334,3,,,1,75,,15335,3,,,1,75,,15336,3,,,1,35,,15337,3,,,1,75,,15338,3,,,1,35,,15339,3,,,1,75,,15340,3,,,1,35,,15341,3,,,1,75,,15342,3,,,1,75,,15343,3,,,1,35,,15344,3,,,1
1119801,'14802',2526,,15361,11,,,1,30,,15362,11,,,1,70,,15363,11,,,1,30,,15364,11,,,1
1119801,'8001',2526,,15365,11,,,1,30,,15366,11,,,1,70,,15367,11,,,1,30,,15368,11,,,1
21005200,'12701',712,,15481,2,0,14 30,1,20,,15482,2,0,14 30,1,20,,15483,2,0,14 30,1,60,,15484,2,0,14 30,1,20,,15485,2,0,14 30,1,20,,15486,2,0,14 30,1,60,,15487,2,0,14 30,1,20,,15488,2,0,14 30,1,20,,15489,2,0,14 30,1,60,,15490,2,0,14 30,1,20,,15511,2,0,14 30,1,20,,15512,2,0,14 30,1,60,,15491,2,0,14 30,1,20,,15492,2,0,14 30,1,20,,15493,2,0,14 30,1,60,,15494,2,0,14 30,1,20,,15495,2,0,14 30,1,20,,15496,2,0,14 30,1,60,,15497,2,0,14 30,1,20,,15498,2,0,14 30,1,20,,15499,2,0,14 30,1,60,,15500,2,0,14 30,1,20,,15501,2,0,14 30,1,20,,15502,2,0,14 30,1,60,,15503,2,0,14 30,1,20,,15504,2,0,14 30,1,20,,15505,2,0,14 30,1,60,,15506,2,0,14 30,1,20,,15507,2,0,14 30,1,20,,15508,2,0,14 30,1,60,,15509,2,0,14 30,1,20,,15510,2,0,14 30,1
21005600,'12701',712,,15569,2,0,14 29,1,20,,15570,2,0,14 29,1,20,,15571,2,0,14 29,1,60,,15572,2,0,14 29,1,20,,15573,2,0,14 29,1,20,,15574,2,0,14 29,1,60,,15575,2,0,14 29,1,20,,15568,2,0,14 29,1,20,,15545,2,0,14 29,1,60,,15567,2,0,14 29,1,20,,15566,2,0,14 29,1,20,,15565,2,0,14 29,1,60,,15564,2,0,14 29,1,20,,15563,2,0,14 29,1,20,,15562,2,0,14 29,1,60,,15561,2,0,14 29,1,20,,15560,2,0,14 29,1,20,,15559,2,0,14 29,1,60,,15558,2,0,14 29,1,20,,15557,2,0,14 29,1,20,,15556,2,0,14 29,1,60,,15555,2,0,14 29,1,20,,15554,2,0,14 29,1,20,,15553,2,0,14 29,1,60,,15552,2,0,14 29,1,20,,15551,2,0,14 29,1,20,,15550,2,0,14 29,1,60,,15549,2,0,14 29,1,20,,15548,2,0,14 29,1,20,,15547,2,0,14 29,1,60,,15546,2,0,14 29,1,20,,15576,2,0,14 29,1,20,,15577,2,0,14 29,1,65,,15578,2,0,14 29,1,30,,15579,2,0,14 29,1,70,,15580,2,0,14 29,1,30,,15581,2,0,14 29,1,70,,15582,2,0,14 29,1,30,,15583,2,0,14 29,1
