201,'1',551,,10477,13,0,23 24,1,70,,10478,12,0,23 24,1,30,,10479,12,0,23 24,1,70,,10480,12,0,23 24,1,30,,10481,12,0,23 24,1,70,,10482,12,0,23 24,1,30,,10483,12,0,23 24,1,70,,10484,12,0,23 24,1,30,,10485,12,0,23 24,1,70,,10486,12,0,23 24,1,30,,10487,12,0,23 24,1,70,,10488,12,0,23 24,1,30,,10489,12,0,23 24,1,70,,10490,12,0,23 24,1,30,,10491,12,0,23 24,1,70,,10492,12,0,23 24,1,30,,10493,12,0,23 24,1,70,,10494,12,0,23 24,1,30,,10495,12,0,23 24,1,70,,10496,12,0,23 24,1,30,,10497,12,0,23 24,1,70,,10498,12,0,23 24,1,30,,10499,12,0,23 24,1,70,,10500,12,0,23 24,1,30,,10501,12,0,23 24,1,70,,10502,12,0,23 24,1,30,,10503,12,0,23 24,1,70,,10504,12,0,23 24,1,30,,10505,12,0,23 24,1,70,,10506,12,0,23 24,1,30,,10507,12,0,23 24,1,70,,10508,12,0,23 24,1,30,,10509,12,0,23 24,1,70,,10510,12,0,23 24,1,30,,10511,12,0,23 24,1,70,,10512,12,0,23 24,1,30,,10513,12,0,23 24,1,70,,10514,12,0,23 24,1
201,'2',551,,10515,13,0,23 24,1,70,,10516,12,0,23 24,1,30,,10517,12,0,23 24,1,70,,10518,12,0,23 24,1,30,,10519,12,0,23 24,1,70,,10520,12,0,23 24,1,30,,10521,12,0,23 24,1,70,,10522,12,0,23 24,1,30,,10523,12,0,23 24,1,70,,10524,12,0,23 24,1,30,,10525,12,0,23 24,1,70,,10526,12,0,23 24,1,30,,10527,12,0,23 24,1,70,,10528,12,0,23 24,1,30,,10529,12,0,23 24,1,70,,10530,12,0,23 24,1,30,,10531,12,0,23 24,1,70,,10532,12,0,23 24,1,30,,10533,12,0,23 24,1,70,,10534,12,0,23 24,1,30,,10535,12,0,23 24,1,70,,10536,12,0,23 24,1,30,,10537,12,0,23 24,1,70,,10538,12,0,23 24,1,30,,10539,12,0,23 24,1,70,,10540,12,0,23 24,1,30,,10541,12,0,23 24,1,70,,10542,12,0,23 24,1,30,,10543,12,0,23 24,1,70,,10544,12,0,23 24,1,30,,10545,12,0,23 24,1,70,,10546,12,0,23 24,1,30,,10547,12,0,23 24,1,70,,10548,12,0,23 24,1,30,,10549,12,0,23 24,1,70,,10550,12,0,23 24,1,30,,10551,12,0,23 24,1,70,,10552,12,0,23 24,1
201,'3',921,,10553,13,0,23 24,1,30,,10554,12,0,23 24,1,70,,10555,12,0,23 24,1,30,,10556,12,0,23 24,1,70,,10557,12,0,23 24,1,30,,10558,12,0,23 24,1,70,,10559,12,0,23 24,1,30,,10560,12,0,23 24,1,70,,10561,12,0,23 24,1,30,,10562,12,0,23 24,1,70,,10563,12,0,23 24,1,30,,10564,12,0,23 24,1,70,,10565,12,0,23 24,1,30,,10566,12,0,23 24,1,70,,10567,12,0,23 24,1,30,,10568,12,0,23 24,1,70,,10569,12,0,23 24,1,30,,10570,12,0,23 24,1,70,,10571,12,0,23 24,1,30,,10572,12,0,23 24,1
501,'1',731,,11117,17,0,22,1,15,,11118,17,0,22,1,55,,11119,17,0,22,1,15,,11120,17,0,22,1,15,,11121,17,0,22,1,15,,11122,17,0,22,1,55,,11123,17,0,22,1,15,,11124,17,0,22,1,15,,11125,17,0,22,1,15,,11126,17,0,22,1,55,,11127,17,0,22,1,15,,11128,17,0,22,1,15,,11129,17,0,22,1,15,,11130,17,0,22,1,55,,11131,17,0,22,1,15,,11132,17,0,22,1,15,,11133,17,0,22,1,15,,11134,17,0,22,1,55,,11135,17,0,22,1,15,,11136,17,0,22,1,15,,11137,17,0,22,1,15,,11138,17,0,22,1,55,,11139,17,0,22,1,15,,11140,17,0,22,1,15,,11141,17,0,22,1,15,,11142,17,0,22,1,55,,11143,17,0,22,1,15,,11144,17,0,22,1,15,,11145,17,0,22,1,15,,11146,17,0,22,1,55,,11147,17,0,22,1,15,,11148,17,0,22,1,15,,11149,17,0,22,1,15,,11150,17,0,22,1,55,,11151,17,0,22,1,15,,11152,17,0,22,1,15,,11153,17,0,22,1,15,,11154,17,0,22,1,55,,11155,17,0,22,1,15,,11156,17,0,22,1,15,,11157,17,0,22,1,15,,11158,17,0,22,1,55,,11159,17,0,22,1,15,,11160,17,0,22,1,15,,11161,17,0,22,1,15,,11162,17,0,22,1,55,,11163,17,0,22,1,15,,11164,17,0,22,1,15,,11165,17,0,22,1,15,,11166,17,0,22,1,55,,11167,17,0,22,1,15,,11168,17,0,22,1,15,,11169,17,0,22,1,15,,11170,17,0,22,1,55,,11171,17,0,22,1,15,,11172,17,0,22,1,15,,11173,17,0,22,1
501,'2',731,,11183,17,0,22,1,20,,11184,17,0,22,1,60,,11185,17,0,22,1,20,,11186,17,0,22,1,20,,11187,17,0,22,1,60,,11188,17,0,22,1,20,,11189,17,0,22,1,20,,11190,17,0,22,1,60,,11191,17,0,22,1,20,,11192,17,0,22,1,20,,11193,17,0,22,1,60,,11194,17,0,22,1,20,,11195,17,0,22,1,20,,11196,17,0,22,1,60,,11197,17,0,22,1,20,,11198,17,0,22,1,20,,11199,17,0,22,1,60,,11200,17,0,22,1,20,,11201,17,0,22,1,20,,11202,17,0,22,1,60,,11203,17,0,22,1,20,,11204,17,0,22,1,20,,11205,17,0,22,1,60,,11206,17,0,22,1,20,,11207,17,0,22,1,20,,11208,17,0,22,1,60,,11209,17,0,22,1,20,,11210,17,0,22,1,20,,11211,17,0,22,1,60,,11212,17,0,22,1,20,,11213,17,0,22,1,20,,11214,17,0,22,1,60,,11215,17,0,22,1
701,'1',550,,11564,11,0,28,1,70,,11565,11,0,28,1,30,,11566,11,0,28,1,76,,11567,11,0,28,1,20,,11568,11,0,28,1,60,,11569,11,0,28,1,20,,11570,11,0,28,1,20,,11571,11,0,28,1,60,,11572,11,0,28,1,20,,11573,11,0,28,1,20,,11574,11,0,28,1,60,,11575,11,0,28,1,17,,11576,11,0,28,1,30,,11577,11,0,28,1,70,,11578,11,0,28,1,30,,11579,11,0,28,1,70,,11580,11,0,28,1,30,,11581,11,0,28,1,70,,11582,11,0,28,1,30,,11583,11,0,28,1,73,,11584,11,0,28,1,20,,11585,11,0,28,1,60,,11586,11,0,28,1,20,,11587,11,0,28,1,20,,11588,11,0,28,1,60,,11589,11,0,28,1,20,,11590,11,0,28,1,20,,11591,11,0,28,1,60,,11592,11,0,28,1,20,,11593,11,0,28,1,20,,11594,11,0,28,1,60,,11595,11,0,28,1,15,,11596,11,0,28,1,30,,11597,11,0,28,1,70,,11598,11,0,28,1,30,,11599,11,0,28,1,70,,11600,11,0,28,1,30,,11601,11,0,28,1,70,,11602,11,0,28,1,30,,11603,11,0,28,1,70,,11604,11,0,28,1,30,,11605,11,0,28,1,70,,11606,11,0,28,1,30,,11607,11,0,28,1,70,,11608,11,0,28,1
701,'2',550,,11609,11,0,28,1,70,,11610,11,0,28,1,30,,11611,11,0,28,1,70,,11612,11,0,28,1,30,,11613,11,0,28,1,70,,11614,11,0,28,1,30,,11615,11,0,28,1,70,,11616,11,0,28,1,30,,11617,11,0,28,1,70,,11618,11,0,28,1,30,,11619,11,0,28,1,70,,11620,11,0,28,1,30,,11621,11,0,28,1,70,,11622,11,0,28,1,30,,11623,11,0,28,1,70,,11624,11,0,28,1,30,,11625,11,0,28,1,70,,11626,11,0,28,1,30,,11627,11,0,28,1,70,,11628,11,0,28,1,30,,11629,11,0,28,1,70,,11630,11,0,28,1,30,,11631,11,0,28,1,70,,11632,11,0,28,1,30,,11633,11,0,28,1,70,,11634,11,0,28,1,30,,11635,11,0,28,1,70,,11636,11,0,28,1,30,,11637,11,0,28,1,70,,11638,11,0,28,1,30,,11639,11,0,28,1,70,,11640,11,0,28,1,30,,11641,11,0,28,1,70,,11642,11,0,28,1,30,,11643,11,0,28,1,70,,11644,11,0,28,1,30,,11645,11,0,28,1,70,,11646,11,0,28,1
701,'3',920,,11647,11,0,28,1,30,,11648,11,0,28,1,70,,11649,11,0,28,1,30,,11650,11,0,28,1,70,,11651,11,0,28,1,30,,11652,11,0,28,1,70,,11653,11,0,28,1,30,,11654,11,0,28,1,70,,11655,11,0,28,1,30,,11656,11,0,28,1,70,,11657,11,0,28,1,30,,11658,11,0,28,1,70,,11659,11,0,28,1,30,,11660,11,0,28,1,70,,11661,11,0,28,1,30,,11662,11,0,28,1,70,,11663,11,0,28,1,30,,11664,11,0,28,1,70,,11665,11,0,28,1,30,,11666,11,0,28,1
9900,'1',553,,14602,13,,,1,50,,14603,13,,,1,10,,14604,13,,,1,10,,14605,13,,,1,10,,14606,13,,,1,10,,14607,13,,,1,10,,14608,13,,,1,50,,14609,13,,,1,10,,14610,13,,,1,10,,14611,13,,,1,10,,14612,13,,,1,10,,14613,13,,,1,6,,14711,13,,,1,4,,14614,13,,,1,50,,14615,13,,,1,10,,14616,13,,,1,6,,14712,13,,,1,4,,14617,13,,,1,10,,14618,13,,,1,10,,14619,13,,,1,6,,14713,13,,,1,4,,14620,13,,,1,50,,14621,13,,,1,10,,14622,13,,,1,6,,14714,13,,,1,4,,14623,13,,,1,10,,14624,13,,,1,10,,14625,13,,,1,6,,14715,13,,,1,4,,14626,13,,,1,50,,14627,13,,,1,10,,14628,13,,,1,6,,14716,13,,,1,4,,14629,13,,,1,10,,14630,13,,,1,10,,14631,13,,,1,6,,14717,13,,,1,4,,14632,13,,,1,5,,14718,13,,,1,45,,14633,13,,,1,10,,14634,13,,,1,10,,14635,13,,,1,5,,14719,13,,,1,5,,14636,13,,,1,10,,14637,13,,,1,10,,14638,13,,,1,5,,14720,13,,,1,45,,14639,13,,,1,10,,14640,13,,,1,10,,14641,13,,,1,5,,14721,13,,,1,5,,14642,13,,,1,10,,14643,13,,,1,10,,14644,13,,,1,5,,14722,13,,,1,45,,14645,13,,,1,10,,14646,13,,,1,10,,14647,13,,,1,5,,14723,13,,,1,5,,14648,13,,,1,10,,14649,13,,,1,10,,14650,13,,,1,5,,14724,13,,,1,45,,14651,13,,,1,10,,14652,13,,,1,10,,14653,13,,,1,5,,14725,13,,,1,5,,14654,13,,,1,10,,14655,13,,,1,6,,14726,13,,,1,4,,14656,13,,,1,5,,14727,13,,,1,45,,14657,13,,,1,10,,14658,13,,,1,6,,14728,13,,,1,4,,14660,13,,,1,5,,14729,13,,,1,5,,14661,13,,,1,10,,14662,13,,,1,6,,14730,13,,,1,4,,14663,13,,,1,5,,14731,13,,,1,45,,14664,13,,,1,10,,14665,13,,,1,6,,14732,13,,,1,4,,14666,13,,,1,5,,14733,13,,,1,5,,14667,13,,,1,10,,14668,13,,,1,6,,14734,13,,,1,4,,14669,13,,,1,5,,14735,13,,,1,45,,14670,13,,,1,10,,14671,13,,,1,6,,14736,13,,,1,4,,14672,13,,,1,5,,14737,13,,,1,5,,14673,13,,,1,10,,14674,13,,,1,6,,14738,13,,,1,4,,14675,13,,,1,50,,14676,13,,,1,10,,14677,13,,,1,6,,14739,13,,,1,4,,14678,13,,,1,10,,14679,13,,,1,10,,14680,13,,,1,10,,14681,13,,,1,50,,14682,13,,,1,10,,14683,13,,,1,10,,14684,13,,,1,10,,14685,13,,,1,10,,14686,13,,,1,10,,14687,13,,,1,50,,14688,13,,,1,10,,14689,13,,,1,10,,14690,13,,,1,10,,14691,13,,,1,10,,14692,13,,,1,10,,14693,13,,,1,50,,14694,13,,,1,10,,14695,13,,,1,10,,14696,13,,,1,15,,14697,13,,,1,15,,14698,13,,,1,55,,14699,13,,,1,15,,14700,13,,,1,15,,14701,13,,,1,15,,14702,13,,,1,55,,14703,13,,,1,15,,14704,13,,,1,15,,14705,13,,,1,15,,14706,13,,,1,55,,14707,13,,,1,15,,14708,13,,,1,15,,14709,13,,,1,15,,14710,13,,,1
9900,'2',553,,14830,13,,,1,55,,14827,13,,,1,15,,14828,13,,,1,15,,14825,13,,,1,15,,14826,13,,,1,55,,14823,13,,,1,15,,14824,13,,,1,15,,14821,13,,,1,15,,14822,13,,,1,55,,14819,13,,,1,15,,14820,13,,,1,15,,14817,13,,,1,15,,14818,13,,,1,55,,14815,13,,,1,15,,14816,13,,,1,15,,14813,13,,,1,15,,14814,13,,,1,55,,14811,13,,,1,15,,14812,13,,,1,15,,14809,13,,,1,15,,14810,13,,,1,55,,14807,13,,,1,15,,14808,13,,,1,15,,14805,13,,,1,15,,14806,13,,,1,55,,14803,13,,,1,15,,14804,13,,,1,15,,14801,13,,,1,15,,14802,13,,,1,55,,14799,13,,,1,15,,14800,13,,,1,15,,14797,13,,,1,15,,14798,13,,,1,55,,14796,13,,,1,15,,14794,13,,,1,15,,14793,13,,,1,15,,14795,13,,,1,55,,14832,13,,,1,15,,14792,13,,,1,15,,14790,13,,,1,15,,14791,13,,,1,55,,14788,13,,,1,15,,14789,13,,,1,15,,14786,13,,,1,15,,14787,13,,,1,55,,14784,13,,,1,15,,14785,13,,,1,15,,14782,13,,,1,15,,14783,13,,,1,55,,14780,13,,,1,15,,14781,13,,,1,15,,14778,13,,,1,15,,14779,13,,,1,55,,14777,13,,,1,15,,14775,13,,,1,15,,14774,13,,,1,15,,14776,13,,,1,55,,14772,13,,,1,15,,14773,13,,,1,15,,14770,13,,,1,15,,14771,13,,,1,55,,14768,13,,,1,15,,14769,13,,,1,15,,14766,13,,,1,15,,14767,13,,,1,55,,14765,13,,,1,15,,14764,13,,,1,15,,14762,13,,,1,15,,14763,13,,,1,55,,14760,13,,,1,15,,14761,13,,,1,15,,14759,13,,,1,15,,14756,13,,,1,55,,14758,13,,,1,15,,14757,13,,,1,15,,14755,13,,,1
9900,'3',723,,14836,13,,,1,15,,14837,13,,,1,15,,14838,13,,,1,55,,14839,13,,,1,15,,14840,13,,,1,15,,14841,13,,,1,15,,14842,13,,,1,55,,14843,13,,,1,15,,14844,13,,,1,15,,14845,13,,,1,15,,14846,13,,,1,55,,14847,13,,,1,15,,14848,13,,,1,15,,14849,13,,,1,15,,14850,13,,,1,55,,14851,13,,,1,15,,14852,13,,,1,15,,14853,13,,,1,15,,14854,13,,,1,55,,14855,13,,,1,15,,14856,13,,,1,15,,14857,13,,,1,15,,14858,13,,,1,55,,14859,13,,,1,15,,14860,13,,,1,15,,14861,13,,,1,15,,14862,13,,,1,55,,14863,13,,,1,15,,14864,13,,,1,15,,14865,13,,,1,15,,14866,13,,,1,55,,14867,13,,,1,15,,14868,13,,,1,15,,14869,13,,,1,15,,14870,13,,,1,55,,14871,13,,,1,15,,14872,13,,,1,15,,14873,13,,,1,15,,14874,13,,,1,55,,14875,13,,,1,15,,14876,13,,,1,15,,14877,13,,,1,15,,14878,13,,,1,55,,14879,13,,,1,15,,14880,13,,,1,15,,14881,13,,,1,15,,14882,13,,,1,55,,14883,13,,,1,15,,14884,13,,,1,15,,14885,13,,,1,15,,14886,13,,,1,55,,14887,13,,,1,15,,14888,13,,,1,15,,14889,13,,,1,15,,14890,13,,,1,55,,14891,13,,,1,15,,14892,13,,,1,15,,14893,13,,,1,15,,14894,13,,,1,55,,14895,13,,,1
9900,'7',923,,14916,13,,,1,30,,14915,13,,,1,70,,14914,13,,,1,30,,14913,13,,,1,70,,14912,13,,,1,30,,14911,13,,,1,70,,14910,13,,,1,30,,14909,13,,,1,70,,14908,13,,,1,30,,14907,13,,,1,70,,14906,13,,,1,30,,14905,13,,,1,70,,14904,13,,,1,30,,14903,13,,,1,70,,14902,13,,,1,30,,14901,13,,,1,70,,14900,13,,,1,30,,14899,13,,,1,70,,14898,13,,,1,30,,14897,13,,,1
1119800,'14802',2545,,15357,13,,,1,70,,15358,13,,,1
1119800,'8001',2545,,15360,13,,,1,70,,15359,13,,,1
21005601,'12701',714,,15584,13,0,14 29,1,20,,15585,13,0,14 29,1,20,,15586,13,0,14 29,1,60,,15587,13,0,14 29,1,20,,15588,13,0,14 29,1,20,,15589,13,0,14 29,1,60,,15590,13,0,14 29,1,20,,15591,13,0,14 29,1,20,,15592,13,0,14 29,1,60,,15593,13,0,14 29,1,22,,15594,13,0,14 29,1,20,,15595,13,0,14 29,1,60,,15596,13,0,14 29,1,20,,15597,13,0,14 29,1,20,,15598,13,0,14 29,1,60,,15599,13,0,14 29,1,20,,15600,13,0,14 29,1,20,,15601,13,0,14 29,1,60,,15602,13,0,14 29,1,20,,15603,13,0,14 29,1,20,,15604,13,0,14 29,1,60,,15605,13,0,14 29,1,20,,15606,13,0,14 29,1,20,,15607,13,0,14 29,1,60,,15608,13,0,14 29,1,20,,15609,13,0,14 29,1,20,,15610,13,0,14 29,1,60,,15611,13,0,14 29,1,20,,15612,13,0,14 29,1,20,,15613,13,0,14 29,1,60,,15614,13,0,14 29,1,20,,15615,13,0,14 29,1,20,,15616,13,0,14 29,1,58,,15617,13,0,14 29,1,25,,15618,13,0,14 29,1,70,,15619,13,0,14 29,1,30,,15620,13,0,14 29,1,70,,15621,13,0,14 29,1,30,,15622,13,0,14 29,1,70,,15623,13,0,14 29,1
21005801,'12701',732,,15666,4,0,14 24,1,20,,15667,4,0,14 24,1,60,,15668,4,0,14 24,1,20,,15669,4,0,14 24,1,20,,15670,4,0,14 24,1,60,,15671,4,0,14 24,1,20,,15672,4,0,14 24,1,20,,15673,4,0,14 24,1,60,,15674,4,0,14 24,1,20,,15675,4,0,14 24,1,20,,15676,4,0,14 24,1,60,,15677,4,0,14 24,1,20,,15678,4,0,14 24,1,20,,15679,4,0,14 24,1,60,,15680,4,0,14 24,1,20,,15681,4,0,14 24,1,20,,15682,4,0,14 24,1,60,,15683,4,0,14 24,1,20,,15684,4,0,14 24,1,20,,15685,4,0,14 24,1,60,,15686,4,0,14 24,1,20,,15687,4,0,14 24,1,20,,15688,4,0,14 24,1,60,,15689,4,0,14 24,1,20,,15690,4,0,14 24,1,20,,15691,4,0,14 24,1,60,,15692,4,0,14 24,1,20,,15693,4,0,14 24,1,20,,15694,4,0,14 24,1,60,,15695,4,0,14 24,1,20,,15696,4,0,14 24,1,20,,15697,4,0,14 24,1,59,,15698,4,0,14 24,1,20,,15699,4,0,14 24,1,20,,15700,4,0,14 24,1,60,,15701,4,0,14 24,1,20,,15702,4,0,14 24,1,20,,15703,4,0,14 24,1,60,,15704,4,0,14 24,1,20,,15705,4,0,14 24,1,20,,15706,4,0,14 24,1,60,,15707,4,0,14 24,1
