1700,'1',611,,13515,24,0,25 26,1,31,,13516,24,0,25 26,1,70,,13517,24,0,25 26,1,25,,13513,24,0,25 26,1,5,,13518,24,0,25 26,1,70,,13519,24,0,25 26,1,30,,13520,24,0,25 26,1,68,,13521,24,0,25 26,1,30,,13522,24,0,25 26,1,70,,13523,24,0,25 26,1,30,,13524,24,0,25 26,1,70,,13525,24,0,25 26,1,34,,13526,24,0,25 26,1,70,,13527,24,0,25 26,1,30,,13528,24,0,25 26,1,70,,13529,24,0,25 26,1,30,,13530,24,0,25 26,1,72,,13531,24,0,25 26,1,30,,13532,24,0,25 26,1,70,,13533,24,0,25 26,1,30,,13534,24,0,25 26,1,67,,13535,24,0,25 26,1,30,,13536,24,0,25 26,1,70,,13537,24,0,25 26,1,30,,13538,24,0,25 26,1,70,,13539,24,0,25 26,1,30,,13540,24,0,25 26,1,69,,13541,24,0,25 26,1,30,,13542,24,0,25 26,1,70,,13543,24,0,25 26,1,30,,13544,24,0,25 26,1,70,,13545,24,0,25 26,1,30,,13546,24,0,25 26,1,70,,13547,24,0,25 26,1,30,,13548,24,0,25 26,1,68,,13549,24,0,25 26,1,30,,13550,24,0,25 26,1,70,,13551,24,0,25 26,1,30,,13552,24,0,25 26,1
1700,'2',610,,13590,24,0,25 26,1,30,,13589,24,0,25 26,1,70,,13588,24,0,25 26,1,33,,13587,24,0,25 26,1,70,,13586,24,0,25 26,1,30,,13585,24,0,25 26,1,70,,13584,24,0,25 26,1,30,,13583,24,0,25 26,1,70,,13582,24,0,25 26,1,32,,13581,24,0,25 26,1,70,,13580,24,0,25 26,1,30,,13579,24,0,25 26,1,70,,13578,24,0,25 26,1,30,,13577,24,0,25 26,1,70,,13576,24,0,25 26,1,30,,13575,24,0,25 26,1,72,,13574,24,0,25 26,1,30,,13573,24,0,25 26,1,70,,13572,24,0,25 26,1,30,,13571,24,0,25 26,1,70,,13570,24,0,25 26,1,30,,13569,24,0,25 26,1,71,,13568,24,0,25 26,1,30,,13567,24,0,25 26,1,70,,13566,24,0,25 26,1,30,,13565,24,0,25 26,1,67,,13564,24,0,25 26,1,30,,13563,24,0,25 26,1,70,,13562,24,0,25 26,1,30,,13561,24,0,25 26,1,70,,13560,24,0,25 26,1,30,,13559,24,0,25 26,1,70,,13558,24,0,25 26,1,30,,13557,24,0,25 26,1,66,,13556,24,0,25 26,1,30,,13555,24,0,25 26,1,70,,13554,24,0,25 26,1,30,,13553,24,0,25 26,1
1700,'3',1009,,13593,24,0,25 26,1,30,,13594,24,0,25 26,1,70,,13595,24,0,25 26,1,30,,13596,24,0,25 26,1,70,,13597,24,0,25 26,1,32,,13598,24,0,25 26,1,70,,13599,24,0,25 26,1,30,,13600,24,0,25 26,1,70,,13601,24,0,25 26,1,30,,13602,24,0,25 26,1,70,,13603,24,0,25 26,1,30,,13604,24,0,25 26,1,70,,13605,24,0,25 26,1,29,,13606,24,0,25 26,1,70,,13607,24,0,25 26,1,30,,13608,24,0,25 26,1,70,,13609,24,0,25 26,1,30,,13610,24,0,25 26,1,70,,13611,24,0,25 26,1
9800,'25601',758,,14319,10,4,,1,65,,14301,10,4,,1,25,,14302,10,4,,1,65,,14303,10,4,,1,25,,14304,10,4,,1,65,,14305,10,4,,1,25,,14306,10,4,,1,25,,14307,10,4,,1,65,,14308,10,4,,1,25,,14309,10,4,,1,65,,14310,10,4,,1,25,,14311,10,4,,1,25,,14312,10,4,,1,65,,14313,10,4,,1,25,,14314,10,4,,1,65,,14315,10,4,,1,25,,14316,10,4,,1,65,,14317,10,4,,1,25,,14318,10,4,,1,25,,14320,10,4,,1
9800,'25701',606,,14321,15,4,,1,30,,14322,15,4,,1,70,,14323,15,4,,1,30,,14324,15,4,,1,20,,14325,15,4,,1,60,,14326,15,4,,1,20,,14327,15,4,,1,20,,14328,15,4,,1,60,,14329,15,4,,1,20,,14330,15,4,,1,20,,14331,15,4,,1,60,,14332,15,4,,1,20,,14333,15,4,,1,20,,14334,15,4,,1,60,,14335,15,4,,1,20,,14336,15,4,,1,20,,14337,15,4,,1,60,,14338,15,4,,1,20,,14339,15,4,,1,20,,14340,15,4,,1,60,,14341,15,4,,1,20,,14342,15,4,,1,20,,14343,15,4,,1,60,,14344,15,4,,1,20,,14345,15,4,,1,20,,14346,15,4,,1,60,,14347,15,4,,1,20,,14348,15,4,,1,20,,14349,15,4,,1,60,,14350,15,4,,1,20,,14351,15,4,,1,20,,14352,15,4,,1,60,,14353,15,4,,1,20,,14354,15,4,,1,20,,14355,15,4,,1,60,,14356,15,4,,1,20,,14357,15,4,,1,70,,14358,15,4,,1,30,,14359,15,4,,1,70,,14360,15,4,,1,30,,14361,15,4,,1,70,,14362,15,4,,1,30,,14363,15,4,,1,70,,14364,15,4,,1,30,,14365,15,4,,1,70,,14366,15,4,,1,30,,14367,15,4,,1,70,,14368,15,4,,1,30,,14369,15,4,,1
9800,'25702',606,,14370,15,4,,1,30,,14371,15,4,,1,70,,14372,15,4,,1,30,,14373,15,4,,1,20,,14374,15,4,,1,60,,14375,15,4,,1,20,,14376,15,4,,1,20,,14377,15,4,,1,60,,14378,15,4,,1,20,,14379,15,4,,1,20,,14380,15,4,,1,60,,14381,15,4,,1,20,,14382,15,4,,1,20,,14383,15,4,,1,60,,14384,15,4,,1,20,,14385,15,4,,1,20,,14386,15,4,,1,60,,14387,15,4,,1,20,,14388,15,4,,1,20,,14389,15,4,,1,60,,14390,15,4,,1,20,,14391,15,4,,1,20,,14392,15,4,,1,60,,14393,15,4,,1,20,,14394,15,4,,1,20,,14395,15,4,,1,60,,14396,15,4,,1,20,,14397,15,4,,1,20,,14398,15,4,,1,60,,14399,15,4,,1,20,,14400,15,4,,1,20,,14401,15,4,,1,60,,14402,15,4,,1,20,,14403,15,4,,1,20,,14404,15,4,,1,60,,14405,15,4,,1,20,,14406,15,4,,1,70,,14407,15,4,,1,30,,14408,15,4,,1,70,,14409,15,4,,1,30,,14410,15,4,,1,70,,14411,15,4,,1,30,,14412,15,4,,1,70,,14413,15,4,,1,30,,14414,15,4,,1,70,,14415,15,4,,1,30,,14416,15,4,,1,70,,14417,15,4,,1,30,,14418,15,4,,1
9800,'3',736,,14419,15,4,,1,70,,14420,15,4,,1,30,,14421,15,4,,1,70,,14422,15,4,,1,30,,14423,15,4,,1,70,,14424,15,4,,1,30,,14425,15,4,,1,70,,14426,15,4,,1,30,,14427,15,4,,1,70,,14428,15,4,,1,30,,14429,15,4,,1,70,,14430,15,4,,1,30,,14431,15,4,,1,70,,14432,15,4,,1,30,,14433,15,4,,1,70,,14434,15,4,,1,30,,14435,15,4,,1,70,,14436,15,4,,1,30,,14437,15,4,,1,70,,14438,15,4,,1,30,,14439,15,4,,1,70,,14440,15,4,,1,30,,14441,15,4,,1,70,,14442,15,4,,1,30,,14443,15,4,,1,70,,14444,15,4,,1,30,,14445,15,4,,1,70,,14446,15,4,,1,30,,14447,15,4,,1,70,,14448,15,4,,1
9801,'25601',758,,14449,1,0,13,1,65,,14450,1,0,13,1,25,,14451,1,0,13,1,65,,14452,1,0,13,1,25,,14453,1,0,13,1,65,,14454,1,0,13,1,25,,14455,1,0,13,1,25,,14456,1,0,13,1,65,,14457,1,0,13,1,25,,14458,1,0,13,1,65,,14459,1,0,13,1,25,,14460,1,0,13,1,25,,14461,1,0,13,1,65,,14462,1,0,13,1,25,,14463,1,0,13,1,65,,14464,1,0,13,1,25,,14465,1,0,13,1,65,,14466,1,0,13,1,25,,14467,1,0,13,1,25,,14468,1,0,13,1
9801,'25701',606,,14469,1,0,13,1,30,,14470,1,0,13,1,70,,14471,1,0,13,1,30,,14472,1,0,13,1,20,,14473,1,0,13,1,60,,14474,1,0,13,1,20,,14475,1,0,13,1,20,,14476,1,0,13,1,60,,14477,1,0,13,1,20,,14478,1,0,13,1,20,,14479,1,0,13,1,60,,14480,1,0,13,1,20,,14481,1,0,13,1,20,,14482,1,0,13,1,60,,14483,1,0,13,1,20,,14484,1,0,13,1,20,,14485,1,0,13,1,60,,14486,1,0,13,1,20,,14487,1,0,13,1,20,,14488,1,0,13,1,60,,14489,1,0,13,1,20,,14490,1,0,13,1,20,,14491,1,0,13,1,60,,14492,1,0,13,1,20,,14493,1,0,13,1,20,,14494,1,0,13,1,60,,14495,1,0,13,1,20,,14496,1,0,13,1,20,,14497,1,0,13,1,60,,14498,1,0,13,1,20,,14499,1,0,13,1,20,,14500,1,0,13,1,60,,14501,1,0,13,1,20,,14502,1,0,13,1,20,,14503,1,0,13,1,60,,14504,1,0,13,1,20,,14505,1,0,13,1,70,,14506,1,0,13,1,30,,14507,1,0,13,1,70,,14508,1,0,13,1,30,,14509,1,0,13,1,70,,14510,1,0,13,1,30,,14511,1,0,13,1,70,,14512,1,0,13,1,30,,14513,1,0,13,1,70,,14514,1,0,13,1,30,,14515,1,0,13,1,70,,14516,1,0,13,1,30,,14517,1,0,13,1
9801,'25702',536,,14567,1,0,13,1,70,,14518,1,0,13,1,30,,14519,1,0,13,1,70,,14520,1,0,13,1,30,,14521,1,0,13,1,20,,14522,1,0,13,1,60,,14523,1,0,13,1,20,,14524,1,0,13,1,20,,14525,1,0,13,1,60,,14526,1,0,13,1,20,,14527,1,0,13,1,20,,14528,1,0,13,1,60,,14529,1,0,13,1,20,,14530,1,0,13,1,20,,14531,1,0,13,1,60,,14532,1,0,13,1,20,,14533,1,0,13,1,20,,14534,1,0,13,1,60,,14535,1,0,13,1,20,,14536,1,0,13,1,20,,14537,1,0,13,1,60,,14538,1,0,13,1,20,,14539,1,0,13,1,20,,14540,1,0,13,1,60,,14541,1,0,13,1,20,,14542,1,0,13,1,20,,14543,1,0,13,1,60,,14544,1,0,13,1,20,,14545,1,0,13,1,20,,14546,1,0,13,1,60,,14547,1,0,13,1,20,,14548,1,0,13,1,20,,14549,1,0,13,1,60,,14550,1,0,13,1,20,,14551,1,0,13,1,20,,14552,1,0,13,1,60,,14553,1,0,13,1,20,,14554,1,0,13,1,70,,14555,1,0,13,1,30,,14556,1,0,13,1,70,,14557,1,0,13,1,30,,14558,1,0,13,1,70,,14559,1,0,13,1,30,,14560,1,0,13,1,70,,14561,1,0,13,1,30,,14562,1,0,13,1,70,,14563,1,0,13,1,30,,14564,1,0,13,1,70,,14565,1,0,13,1,30,,14566,1,0,13,1
9801,'3',706,,14568,1,0,13,1,30,,14569,1,0,13,1,70,,14570,1,0,13,1,30,,14571,1,0,13,1,70,,14572,1,0,13,1,30,,14573,1,0,13,1,70,,14574,1,0,13,1,30,,14575,1,0,13,1,70,,14576,1,0,13,1,30,,14577,1,0,13,1,70,,14578,1,0,13,1,30,,14579,1,0,13,1,70,,14580,1,0,13,1,30,,14581,1,0,13,1,70,,14582,1,0,13,1,30,,14583,1,0,13,1,70,,14584,1,0,13,1,30,,14585,1,0,13,1,70,,14586,1,0,13,1,30,,14587,1,0,13,1,70,,14588,1,0,13,1,30,,14589,1,0,13,1,70,,14590,1,0,13,1,30,,14591,1,0,13,1,70,,14592,1,0,13,1,30,,14593,1,0,13,1,70,,14594,1,0,13,1,30,,14595,1,0,13,1,70,,14596,1,0,13,1,30,,14597,1,0,13,1,70,,14598,1,0,13,1
