201,'1',549,,10477,8,0,23 24,1,70,,10478,7,0,23 24,1,30,,10479,7,0,23 24,1,70,,10480,7,0,23 24,1,30,,10481,7,0,23 24,1,70,,10482,7,0,23 24,1,30,,10483,7,0,23 24,1,70,,10484,7,0,23 24,1,30,,10485,7,0,23 24,1,70,,10486,7,0,23 24,1,30,,10487,7,0,23 24,1,70,,10488,7,0,23 24,1,30,,10489,7,0,23 24,1,70,,10490,7,0,23 24,1,30,,10491,7,0,23 24,1,70,,10492,7,0,23 24,1,30,,10493,7,0,23 24,1,70,,10494,7,0,23 24,1,30,,10495,7,0,23 24,1,70,,10496,7,0,23 24,1,30,,10497,7,0,23 24,1,70,,10498,7,0,23 24,1,30,,10499,7,0,23 24,1,70,,10500,7,0,23 24,1,30,,10501,7,0,23 24,1,70,,10502,7,0,23 24,1,30,,10503,7,0,23 24,1,70,,10504,7,0,23 24,1,30,,10505,7,0,23 24,1,70,,10506,7,0,23 24,1,30,,10507,7,0,23 24,1,70,,10508,7,0,23 24,1,30,,10509,7,0,23 24,1,70,,10510,7,0,23 24,1,30,,10511,7,0,23 24,1,70,,10512,7,0,23 24,1,30,,10513,7,0,23 24,1,70,,10514,7,0,23 24,1
201,'2',549,,10515,8,0,23 24,1,70,,10516,7,0,23 24,1,30,,10517,7,0,23 24,1,70,,10518,7,0,23 24,1,30,,10519,7,0,23 24,1,70,,10520,7,0,23 24,1,30,,10521,7,0,23 24,1,70,,10522,7,0,23 24,1,30,,10523,7,0,23 24,1,70,,10524,7,0,23 24,1,30,,10525,7,0,23 24,1,70,,10526,7,0,23 24,1,30,,10527,7,0,23 24,1,70,,10528,7,0,23 24,1,30,,10529,7,0,23 24,1,70,,10530,7,0,23 24,1,30,,10531,7,0,23 24,1,70,,10532,7,0,23 24,1,30,,10533,7,0,23 24,1,70,,10534,7,0,23 24,1,30,,10535,7,0,23 24,1,70,,10536,7,0,23 24,1,30,,10537,7,0,23 24,1,70,,10538,7,0,23 24,1,30,,10539,7,0,23 24,1,70,,10540,7,0,23 24,1,30,,10541,7,0,23 24,1,70,,10542,7,0,23 24,1,30,,10543,7,0,23 24,1,70,,10544,7,0,23 24,1,30,,10545,7,0,23 24,1,70,,10546,7,0,23 24,1,30,,10547,7,0,23 24,1,70,,10548,7,0,23 24,1,30,,10549,7,0,23 24,1,70,,10550,7,0,23 24,1,30,,10551,7,0,23 24,1,70,,10552,7,0,23 24,1
201,'3',919,,10553,8,0,23 24,1,30,,10554,7,0,23 24,1,70,,10555,7,0,23 24,1,30,,10556,7,0,23 24,1,70,,10557,7,0,23 24,1,30,,10558,7,0,23 24,1,70,,10559,7,0,23 24,1,30,,10560,7,0,23 24,1,70,,10561,7,0,23 24,1,30,,10562,7,0,23 24,1,70,,10563,7,0,23 24,1,30,,10564,7,0,23 24,1,70,,10565,7,0,23 24,1,30,,10566,7,0,23 24,1,70,,10567,7,0,23 24,1,30,,10568,7,0,23 24,1,70,,10569,7,0,23 24,1,30,,10570,7,0,23 24,1,70,,10571,7,0,23 24,1,30,,10572,7,0,23 24,1
501,'1',552,,11114,12,0,22,1,70,,11115,12,0,22,1,30,,11116,12,0,22,1,77,,11117,12,0,22,1,15,,11118,12,0,22,1,15,,11119,12,0,22,1,55,,11120,12,0,22,1,15,,11121,12,0,22,1,15,,11122,12,0,22,1,15,,11123,12,0,22,1,55,,11124,12,0,22,1,15,,11125,12,0,22,1,15,,11126,12,0,22,1,15,,11127,12,0,22,1,55,,11128,12,0,22,1,15,,11129,12,0,22,1,15,,11130,12,0,22,1,15,,11131,12,0,22,1,55,,11132,12,0,22,1,15,,11133,12,0,22,1,15,,11134,12,0,22,1,15,,11135,12,0,22,1,55,,11136,12,0,22,1,15,,11137,12,0,22,1,15,,11138,12,0,22,1,15,,11139,12,0,22,1,55,,11140,12,0,22,1,15,,11141,12,0,22,1,15,,11142,12,0,22,1,15,,11143,12,0,22,1,55,,11144,12,0,22,1,15,,11145,12,0,22,1,15,,11146,12,0,22,1,15,,11147,12,0,22,1,55,,11148,12,0,22,1,15,,11149,12,0,22,1,15,,11150,12,0,22,1,15,,11151,12,0,22,1,55,,11152,12,0,22,1,15,,11153,12,0,22,1,15,,11154,12,0,22,1,15,,11155,12,0,22,1,55,,11156,12,0,22,1,15,,11157,12,0,22,1,15,,11158,12,0,22,1,15,,11159,12,0,22,1,55,,11160,12,0,22,1,15,,11161,12,0,22,1,15,,11162,12,0,22,1,15,,11163,12,0,22,1,55,,11164,12,0,22,1,15,,11165,12,0,22,1,15,,11166,12,0,22,1,15,,11167,12,0,22,1,55,,11168,12,0,22,1,15,,11169,12,0,22,1,15,,11170,12,0,22,1,15,,11171,12,0,22,1,55,,11172,12,0,22,1,15,,11173,12,0,22,1,23,,11174,12,0,22,1,70,,11175,12,0,22,1,30,,11176,12,0,22,1,70,,11177,12,0,22,1,30,,11178,12,0,22,1,70,,11179,12,0,22,1
501,'2',552,,11180,12,0,22,1,70,,11181,12,0,22,1,30,,11182,12,0,22,1,77,,11183,12,0,22,1,20,,11184,12,0,22,1,60,,11185,12,0,22,1,20,,11186,12,0,22,1,20,,11187,12,0,22,1,60,,11188,12,0,22,1,20,,11189,12,0,22,1,20,,11190,12,0,22,1,60,,11191,12,0,22,1,20,,11192,12,0,22,1,20,,11193,12,0,22,1,60,,11194,12,0,22,1,20,,11195,12,0,22,1,20,,11196,12,0,22,1,60,,11197,12,0,22,1,20,,11198,12,0,22,1,20,,11199,12,0,22,1,60,,11200,12,0,22,1,20,,11201,12,0,22,1,20,,11202,12,0,22,1,60,,11203,12,0,22,1,20,,11204,12,0,22,1,20,,11205,12,0,22,1,60,,11206,12,0,22,1,20,,11207,12,0,22,1,20,,11208,12,0,22,1,60,,11209,12,0,22,1,20,,11210,12,0,22,1,20,,11211,12,0,22,1,60,,11212,12,0,22,1,20,,11213,12,0,22,1,20,,11214,12,0,22,1,60,,11215,12,0,22,1,13,,11216,12,0,22,1,30,,11217,12,0,22,1,70,,11218,12,0,22,1,30,,11219,12,0,22,1,70,,11220,12,0,22,1,30,,11221,12,0,22,1,70,,11222,12,0,22,1,30,,11223,12,0,22,1,70,,11224,12,0,22,1,30,,11225,12,0,22,1,70,,11226,12,0,22,1,30,,11227,12,0,22,1,70,,11228,12,0,22,1
501,'3',921,,11229,12,0,22,1,30,,11230,12,0,22,1,70,,11231,12,0,22,1,30,,11232,12,0,22,1,70,,11233,12,0,22,1,30,,11234,12,0,22,1,70,,11235,12,0,22,1,30,,11236,12,0,22,1,70,,11237,12,0,22,1,30,,11238,12,0,22,1,70,,11239,12,0,22,1,30,,11240,12,0,22,1,70,,11241,12,0,22,1,30,,11242,12,0,22,1,70,,11243,12,0,22,1,30,,11244,12,0,22,1,70,,11245,12,0,22,1,30,,11246,12,0,22,1,70,,11247,12,0,22,1,30,,11248,12,0,22,1
9900,'1',551,,14602,8,,,1,50,,14603,8,,,1,10,,14604,8,,,1,10,,14605,8,,,1,10,,14606,8,,,1,10,,14607,8,,,1,10,,14608,8,,,1,50,,14609,8,,,1,10,,14610,8,,,1,10,,14611,8,,,1,10,,14612,8,,,1,10,,14613,8,,,1,5,,14711,8,,,1,5,,14614,8,,,1,50,,14615,8,,,1,10,,14616,8,,,1,5,,14712,8,,,1,5,,14617,8,,,1,10,,14618,8,,,1,10,,14619,8,,,1,5,,14713,8,,,1,5,,14620,8,,,1,50,,14621,8,,,1,10,,14622,8,,,1,5,,14714,8,,,1,5,,14623,8,,,1,10,,14624,8,,,1,10,,14625,8,,,1,5,,14715,8,,,1,5,,14626,8,,,1,50,,14627,8,,,1,10,,14628,8,,,1,5,,14716,8,,,1,5,,14629,8,,,1,10,,14630,8,,,1,10,,14631,8,,,1,5,,14717,8,,,1,5,,14632,8,,,1,4,,14718,8,,,1,46,,14633,8,,,1,10,,14634,8,,,1,10,,14635,8,,,1,4,,14719,8,,,1,6,,14636,8,,,1,10,,14637,8,,,1,10,,14638,8,,,1,4,,14720,8,,,1,46,,14639,8,,,1,10,,14640,8,,,1,10,,14641,8,,,1,4,,14721,8,,,1,6,,14642,8,,,1,10,,14643,8,,,1,10,,14644,8,,,1,4,,14722,8,,,1,46,,14645,8,,,1,10,,14646,8,,,1,10,,14647,8,,,1,4,,14723,8,,,1,6,,14648,8,,,1,10,,14649,8,,,1,10,,14650,8,,,1,4,,14724,8,,,1,46,,14651,8,,,1,10,,14652,8,,,1,10,,14653,8,,,1,4,,14725,8,,,1,6,,14654,8,,,1,10,,14655,8,,,1,5,,14726,8,,,1,5,,14656,8,,,1,4,,14727,8,,,1,46,,14657,8,,,1,10,,14658,8,,,1,5,,14728,8,,,1,5,,14660,8,,,1,4,,14729,8,,,1,6,,14661,8,,,1,10,,14662,8,,,1,5,,14730,8,,,1,5,,14663,8,,,1,4,,14731,8,,,1,46,,14664,8,,,1,10,,14665,8,,,1,5,,14732,8,,,1,5,,14666,8,,,1,4,,14733,8,,,1,6,,14667,8,,,1,10,,14668,8,,,1,5,,14734,8,,,1,5,,14669,8,,,1,4,,14735,8,,,1,46,,14670,8,,,1,10,,14671,8,,,1,5,,14736,8,,,1,5,,14672,8,,,1,4,,14737,8,,,1,6,,14673,8,,,1,10,,14674,8,,,1,5,,14738,8,,,1,5,,14675,8,,,1,50,,14676,8,,,1,10,,14677,8,,,1,5,,14739,8,,,1,5,,14678,8,,,1,10,,14679,8,,,1,10,,14680,8,,,1,10,,14681,8,,,1,50,,14682,8,,,1,10,,14683,8,,,1,10,,14684,8,,,1,10,,14685,8,,,1,10,,14686,8,,,1,10,,14687,8,,,1,50,,14688,8,,,1,10,,14689,8,,,1,10,,14690,8,,,1,10,,14691,8,,,1,10,,14692,8,,,1,10,,14693,8,,,1,50,,14694,8,,,1,10,,14695,8,,,1,10,,14696,8,,,1,15,,14697,8,,,1,15,,14698,8,,,1,55,,14699,8,,,1,15,,14700,8,,,1,15,,14701,8,,,1,15,,14702,8,,,1,55,,14703,8,,,1,15,,14704,8,,,1,15,,14705,8,,,1,15,,14706,8,,,1,55,,14707,8,,,1,15,,14708,8,,,1,15,,14709,8,,,1,15,,14710,8,,,1
9900,'2',551,,14830,8,,,1,55,,14827,8,,,1,15,,14828,8,,,1,15,,14825,8,,,1,15,,14826,8,,,1,55,,14823,8,,,1,15,,14824,8,,,1,15,,14821,8,,,1,15,,14822,8,,,1,55,,14819,8,,,1,15,,14820,8,,,1,15,,14817,8,,,1,15,,14818,8,,,1,55,,14815,8,,,1,15,,14816,8,,,1,15,,14813,8,,,1,15,,14814,8,,,1,55,,14811,8,,,1,15,,14812,8,,,1,15,,14809,8,,,1,15,,14810,8,,,1,55,,14807,8,,,1,15,,14808,8,,,1,15,,14805,8,,,1,15,,14806,8,,,1,55,,14803,8,,,1,15,,14804,8,,,1,15,,14801,8,,,1,15,,14802,8,,,1,55,,14799,8,,,1,15,,14800,8,,,1,15,,14797,8,,,1,15,,14798,8,,,1,55,,14796,8,,,1,15,,14794,8,,,1,15,,14793,8,,,1,15,,14795,8,,,1,55,,14832,8,,,1,15,,14792,8,,,1,15,,14790,8,,,1,15,,14791,8,,,1,55,,14788,8,,,1,15,,14789,8,,,1,15,,14786,8,,,1,15,,14787,8,,,1,55,,14784,8,,,1,15,,14785,8,,,1,15,,14782,8,,,1,15,,14783,8,,,1,55,,14780,8,,,1,15,,14781,8,,,1,15,,14778,8,,,1,15,,14779,8,,,1,55,,14777,8,,,1,15,,14775,8,,,1,15,,14774,8,,,1,15,,14776,8,,,1,55,,14772,8,,,1,15,,14773,8,,,1,15,,14770,8,,,1,15,,14771,8,,,1,55,,14768,8,,,1,15,,14769,8,,,1,15,,14766,8,,,1,15,,14767,8,,,1,55,,14765,8,,,1,15,,14764,8,,,1,15,,14762,8,,,1,15,,14763,8,,,1,55,,14760,8,,,1,15,,14761,8,,,1,15,,14759,8,,,1,15,,14756,8,,,1,55,,14758,8,,,1,15,,14757,8,,,1,15,,14755,8,,,1
9900,'3',721,,14836,8,,,1,15,,14837,8,,,1,15,,14838,8,,,1,55,,14839,8,,,1,15,,14840,8,,,1,15,,14841,8,,,1,15,,14842,8,,,1,55,,14843,8,,,1,15,,14844,8,,,1,15,,14845,8,,,1,15,,14846,8,,,1,55,,14847,8,,,1,15,,14848,8,,,1,15,,14849,8,,,1,15,,14850,8,,,1,55,,14851,8,,,1,15,,14852,8,,,1,15,,14853,8,,,1,15,,14854,8,,,1,55,,14855,8,,,1,15,,14856,8,,,1,15,,14857,8,,,1,15,,14858,8,,,1,55,,14859,8,,,1,15,,14860,8,,,1,15,,14861,8,,,1,15,,14862,8,,,1,55,,14863,8,,,1,15,,14864,8,,,1,15,,14865,8,,,1,15,,14866,8,,,1,55,,14867,8,,,1,15,,14868,8,,,1,15,,14869,8,,,1,15,,14870,8,,,1,55,,14871,8,,,1,15,,14872,8,,,1,15,,14873,8,,,1,15,,14874,8,,,1,55,,14875,8,,,1,15,,14876,8,,,1,15,,14877,8,,,1,15,,14878,8,,,1,55,,14879,8,,,1,15,,14880,8,,,1,15,,14881,8,,,1,15,,14882,8,,,1,55,,14883,8,,,1,15,,14884,8,,,1,15,,14885,8,,,1,15,,14886,8,,,1,55,,14887,8,,,1,15,,14888,8,,,1,15,,14889,8,,,1,15,,14890,8,,,1,55,,14891,8,,,1,15,,14892,8,,,1,15,,14893,8,,,1,15,,14894,8,,,1,55,,14895,8,,,1
9900,'7',921,,14916,8,,,1,30,,14915,8,,,1,70,,14914,8,,,1,30,,14913,8,,,1,70,,14912,8,,,1,30,,14911,8,,,1,70,,14910,8,,,1,30,,14909,8,,,1,70,,14908,8,,,1,30,,14907,8,,,1,70,,14906,8,,,1,30,,14905,8,,,1,70,,14904,8,,,1,30,,14903,8,,,1,70,,14902,8,,,1,30,,14901,8,,,1,70,,14900,8,,,1,30,,14899,8,,,1,70,,14898,8,,,1,30,,14897,8,,,1
1119800,'14802',2542,,15357,8,,,1,70,,15358,8,,,1
1119800,'8001',2542,,15360,8,,,1,70,,15359,8,,,1
21005201,'12701',721,,15513,5,0,14 30,1,20,,15514,5,0,14 30,1,60,,15515,5,0,14 30,1,20,,15516,5,0,14 30,1,20,,15517,5,0,14 30,1,60,,15518,5,0,14 30,1,20,,15519,5,0,14 30,1,20,,15520,5,0,14 30,1,60,,15521,5,0,14 30,1,20,,15522,5,0,14 30,1,20,,15523,5,0,14 30,1,60,,15524,5,0,14 30,1,20,,15525,5,0,14 30,1,20,,15526,5,0,14 30,1,60,,15527,5,0,14 30,1,20,,15528,5,0,14 30,1,20,,15529,5,0,14 30,1,60,,15530,5,0,14 30,1,20,,15531,5,0,14 30,1,20,,15532,5,0,14 30,1,60,,15533,5,0,14 30,1,20,,15534,5,0,14 30,1,20,,15535,5,0,14 30,1,60,,15536,5,0,14 30,1,20,,15537,5,0,14 30,1,20,,15538,5,0,14 30,1,60,,15539,5,0,14 30,1,20,,15540,5,0,14 30,1,20,,15541,5,0,14 30,1,60,,15542,5,0,14 30,1,20,,15543,5,0,14 30,1,20,,15544,5,0,14 30,1
21005601,'12701',711,,15584,8,0,14 29,1,20,,15585,8,0,14 29,1,20,,15586,8,0,14 29,1,60,,15587,8,0,14 29,1,20,,15588,8,0,14 29,1,20,,15589,8,0,14 29,1,60,,15590,8,0,14 29,1,20,,15591,8,0,14 29,1,20,,15592,8,0,14 29,1,60,,15593,8,0,14 29,1,22,,15594,8,0,14 29,1,20,,15595,8,0,14 29,1,60,,15596,8,0,14 29,1,20,,15597,8,0,14 29,1,20,,15598,8,0,14 29,1,60,,15599,8,0,14 29,1,20,,15600,8,0,14 29,1,20,,15601,8,0,14 29,1,60,,15602,8,0,14 29,1,20,,15603,8,0,14 29,1,20,,15604,8,0,14 29,1,60,,15605,8,0,14 29,1,20,,15606,8,0,14 29,1,20,,15607,8,0,14 29,1,60,,15608,8,0,14 29,1,20,,15609,8,0,14 29,1,20,,15610,8,0,14 29,1,60,,15611,8,0,14 29,1,20,,15612,8,0,14 29,1,20,,15613,8,0,14 29,1,60,,15614,8,0,14 29,1,20,,15615,8,0,14 29,1,20,,15616,8,0,14 29,1,58,,15617,8,0,14 29,1,25,,15618,8,0,14 29,1,70,,15619,8,0,14 29,1,30,,15620,8,0,14 29,1,70,,15621,8,0,14 29,1,30,,15622,8,0,14 29,1,70,,15623,8,0,14 29,1
