9901,'1',551,,14918,7,,,1,50,,14919,7,,,1,10,,14920,19,,,1,10,,14921,19,,,1,10,,14922,19,,,1,10,,14923,19,,,1,10,,14924,19,,,1,50,,14925,19,,,1,10,,14926,19,,,1,10,,14927,19,,,1,10,,14928,19,,,1,10,,14929,19,,,1,10,,14930,19,,,1,50,,14931,19,,,1,10,,14932,19,,,1,10,,14933,19,,,1,10,,14934,19,,,1,10,,14935,19,,,1,10,,14936,19,,,1,50,,14937,19,,,1,10,,14938,19,,,1,10,,14939,19,,,1,10,,14940,19,,,1,10,,14941,19,,,1,10,,14942,19,,,1,50,,14943,19,,,1,10,,14944,19,,,1,10,,14945,19,,,1,10,,14946,19,,,1,10,,14947,19,,,1,10,,14948,19,,,1,50,,14949,19,,,1,10,,14950,19,,,1,10,,14951,19,,,1,10,,14952,19,,,1,10,,14953,19,,,1,10,,14954,19,,,1,50,,14955,19,,,1,10,,14956,19,,,1,10,,14957,19,,,1,10,,14958,19,,,1,10,,14959,19,,,1,10,,14960,19,,,1,50,,14961,19,,,1,10,,14962,19,,,1,10,,14963,19,,,1,10,,14964,19,,,1,10,,14965,19,,,1,10,,14966,19,,,1,50,,14967,19,,,1,10,,14968,19,,,1,10,,14969,19,,,1,10,,14970,19,,,1,10,,14971,19,,,1,10,,14972,19,,,1,50,,14973,19,,,1,10,,14974,19,,,1,10,,14975,19,,,1,10,,14976,19,,,1,10,,14977,19,,,1,10,,14978,19,,,1,50,,14979,19,,,1,10,,14980,19,,,1,10,,14981,19,,,1,10,,14982,19,,,1,10,,14983,19,,,1,10,,14984,19,,,1,50,,14985,19,,,1,10,,14986,19,,,1,10,,14987,19,,,1,10,,14988,19,,,1,10,,14989,19,,,1,10,,14990,19,,,1,50,,14991,19,,,1,10,,14992,19,,,1,10,,14993,19,,,1,10,,14994,19,,,1,10,,14995,19,,,1,10,,14996,19,,,1,50,,14997,19,,,1,10,,14998,19,,,1,10,,14999,19,,,1,10,,15000,19,,,1,10,,15001,19,,,1,10,,15002,19,,,1,50,,15003,19,,,1,10,,15004,19,,,1,10,,15005,19,,,1,10,,15006,19,,,1,10,,15007,19,,,1,10,,15008,19,,,1,50,,15009,19,,,1,10,,15010,19,,,1,10,,15011,19,,,1,10,,15012,19,,,1,10,,15013,19,,,1,10,,15014,19,,,1,50,,15015,19,,,1,10,,15016,19,,,1,10,,15017,19,,,1,15,,15019,7,,,1,15,,15020,19,,,1,55,,15021,7,,,1,15,,15022,19,,,1,15,,15023,7,,,1,15,,15024,19,,,1,55,,15025,7,,,1,15,,15026,19,,,1,15,,15027,7,,,1
9901,'2',551,,15148,7,,,1,55,,15146,7,,,1,15,,15147,19,,,1,15,,15144,7,,,1,15,,15145,19,,,1,55,,15142,7,,,1,15,,15143,19,,,1,15,,15140,7,,,1,15,,15141,19,,,1,55,,15138,7,,,1,15,,15139,19,,,1,15,,15136,7,,,1,15,,15137,19,,,1,55,,15134,7,,,1,15,,15135,19,,,1,15,,15132,7,,,1,15,,15133,19,,,1,55,,15130,7,,,1,15,,15131,19,,,1,15,,15128,7,,,1,15,,15129,19,,,1,55,,15126,7,,,1,15,,15127,19,,,1,15,,15124,7,,,1,15,,15125,19,,,1,55,,15122,7,,,1,15,,15123,19,,,1,15,,15120,7,,,1,15,,15121,19,,,1,55,,15118,7,,,1,15,,15119,19,,,1,15,,15116,7,,,1,15,,15117,19,,,1,55,,15114,7,,,1,15,,15115,19,,,1,15,,15150,7,,,1,15,,15113,19,,,1,55,,15111,7,,,1,15,,15112,16,,,1,15,,15109,7,,,1,15,,15110,19,,,1,55,,15107,7,,,1,15,,15108,19,,,1,15,,15105,7,,,1,15,,15106,19,,,1,55,,15103,7,,,1,15,,15104,19,,,1,15,,15101,7,,,1,15,,15102,19,,,1,55,,15099,7,,,1,15,,15100,19,,,1,15,,15097,7,,,1,15,,15098,19,,,1,55,,15095,7,,,1,15,,15096,19,,,1,15,,15093,7,,,1,15,,15094,19,,,1,55,,15091,7,,,1,15,,15092,19,,,1,15,,15089,7,,,1,15,,15090,19,,,1,55,,15087,7,,,1,15,,15088,19,,,1,15,,15085,7,,,1,15,,15086,19,,,1,55,,15083,7,,,1,15,,15084,19,,,1,15,,15081,7,,,1,15,,15082,19,,,1,55,,15079,7,,,1,15,,15080,19,,,1,15,,15077,7,,,1,15,,15078,19,,,1,55,,15075,7,,,1,15,,15076,19,,,1,15,,15073,7,,,1
9901,'3',721,,15152,7,,,1,15,,15153,7,,,1,15,,15154,19,,,1,55,,15155,7,,,1,15,,15156,19,,,1,15,,15157,7,,,1,15,,15158,19,,,1,55,,15159,7,,,1,15,,15160,19,,,1,15,,15161,7,,,1,15,,15162,19,,,1,55,,15163,7,,,1,15,,15164,19,,,1,15,,15165,7,,,1,15,,15166,19,,,1,55,,15167,7,,,1,15,,15168,19,,,1,15,,15169,7,,,1,15,,15170,19,,,1,55,,15171,7,,,1,15,,15172,19,,,1,15,,15173,7,,,1,15,,15174,19,,,1,55,,15175,7,,,1,15,,15176,19,,,1,15,,15177,7,,,1,15,,15178,19,,,1,55,,15179,7,,,1,15,,15180,19,,,1,15,,15181,7,,,1,15,,15182,19,,,1,55,,15183,7,,,1,15,,15184,19,,,1,15,,15185,7,,,1,15,,15186,19,,,1,55,,15187,7,,,1,15,,15188,19,,,1,15,,15189,7,,,1,15,,15190,19,,,1,55,,15191,7,,,1,15,,15192,19,,,1,15,,15193,7,,,1,15,,15194,19,,,1,55,,15195,7,,,1,15,,15196,19,,,1,15,,15197,7,,,1,15,,15198,19,,,1,55,,15199,7,,,1,15,,15200,19,,,1,15,,15201,7,,,1,15,,15202,19,,,1,55,,15203,7,,,1,15,,15204,19,,,1,15,,15205,7,,,1,15,,15206,19,,,1,55,,15207,7,,,1,15,,15208,19,,,1,15,,15209,7,,,1,15,,15210,19,,,1,55,,15211,7,,,1,15,,15212,19,,,1,15,,15213,7,,,1
9901,'7',921,,15214,7,,,1,30,,15215,19,,,1,70,,15216,19,,,1,30,,15217,19,,,1,70,,15218,19,,,1,30,,15219,19,,,1,70,,15220,19,,,1,30,,15221,19,,,1,70,,15222,19,,,1,30,,15223,19,,,1,70,,15224,19,,,1,30,,15225,19,,,1,70,,15226,19,,,1,30,,15227,19,,,1,70,,15228,19,,,1,30,,15229,19,,,1,70,,15230,19,,,1,30,,15231,19,,,1,70,,15232,19,,,1,30,,15233,19,,,1
1000400,'14802',2508,,15234,5,0,33 9 15,1,16,,15235,6,0,33 9 15,1,20,,15236,6,0,33 9 15,1,60,,15237,6,0,33 9 15,1,20,,15238,6,0,33 9 15,1
1000400,'7901',2524,,15239,6,0,33 9 15,1,80,,15240,6,0,33 9 15,1
1000400,'8001',2508,,15241,5,0,33 9 15,1,36,,15242,6,0,33 9 15,1,80,,15243,6,0,33 9 15,1
1000700,'14802',2525,,15314,5,0,17 18,1,20,,15315,5,0,17 18,1,60,,15316,5,0,17 18,1,20,,15317,5,0,17 18,1
1000700,'7901',2525,,15318,5,0,17 18,1,80,,15319,5,0,17 18,1
1000700,'8001',2545,,15321,5,0,17 18,1,80,,15322,5,0,17 18,1
1119801,'14802',2515,,15361,7,,,1,30,,15362,7,,,1,70,,15363,7,,,1,30,,15364,7,,,1
1119801,'8001',2515,,15365,7,,,1,30,,15366,7,,,1,70,,15367,7,,,1,30,,15368,7,,,1
