100,'1',601,,10189,2,0,24 23,1,30,,10190,2,0,24 23,1,70,,10191,2,0,24 23,1,30,,10192,2,0,24 23,1,70,,10193,2,0,24 23,1,30,,10194,2,0,24 23,1,70,,10195,2,0,24 23,1,30,,10196,2,0,24 23,1,70,,10197,2,0,24 23,1,30,,10198,2,0,24 23,1,70,,10199,2,0,24 23,1,30,,10200,2,0,24 23,1,70,,10201,2,0,24 23,1,30,,10202,2,0,24 23,1,70,,10203,2,0,24 23,1,30,,10204,2,0,24 23,1,70,,10205,2,0,24 23,1,30,,10206,2,0,24 23,1,70,,10207,2,0,24 23,1,30,,10208,2,0,24 23,1,70,,10209,2,0,24 23,1,30,,10210,2,0,24 23,1,70,,10211,2,0,24 23,1,30,,10212,2,0,24 23,1,70,,10213,2,0,24 23,1,30,,10214,2,0,24 23,1,70,,10215,2,0,24 23,1,30,,10216,2,0,24 23,1,70,,10217,2,0,24 23,1,30,,10218,2,0,24 23,1,70,,10219,2,0,24 23,1,30,,10220,2,0,24 23,1,70,,10221,2,0,24 23,1,30,,10222,2,0,24 23,1,70,,10223,2,0,24 23,1,30,,10224,2,0,24 23,1,70,,10225,2,0,24 23,1,30,,10226,2,0,24 23,1
100,'2',601,,10227,2,0,24 23,1,30,,10228,2,0,24 23,1,70,,10229,2,0,24 23,1,30,,10230,2,0,24 23,1,70,,10231,2,0,24 23,1,30,,10232,2,0,24 23,1,70,,10233,2,0,24 23,1,30,,10234,2,0,24 23,1,70,,10235,2,0,24 23,1,30,,10236,2,0,24 23,1,70,,10237,2,0,24 23,1,30,,10238,2,0,24 23,1,70,,10239,2,0,24 23,1,30,,10240,2,0,24 23,1,70,,10241,2,0,24 23,1,30,,10242,2,0,24 23,1,70,,10243,2,0,24 23,1,30,,10244,2,0,24 23,1,70,,10245,2,0,24 23,1,30,,10246,2,0,24 23,1,70,,10247,2,0,24 23,1,30,,10248,2,0,24 23,1,70,,10249,2,0,24 23,1,30,,10250,2,0,24 23,1,70,,10251,2,0,24 23,1,30,,10252,2,0,24 23,1,70,,10253,2,0,24 23,1,30,,10254,2,0,24 23,1,70,,10255,2,0,24 23,1,30,,10256,2,0,24 23,1,70,,10257,2,0,24 23,1,30,,10258,2,0,24 23,1,70,,10259,2,0,24 23,1,30,,10260,2,0,24 23,1,70,,10261,2,0,24 23,1,30,,10262,2,0,24 23,1,70,,10263,2,0,24 23,1,30,,10264,2,0,24 23,1
100,'3',931,,10265,2,0,24 23,1,70,,10266,2,0,24 23,1,30,,10267,2,0,24 23,1,70,,10268,2,0,24 23,1,30,,10269,2,0,24 23,1,70,,10270,2,0,24 23,1,30,,10271,2,0,24 23,1,70,,10272,2,0,24 23,1,30,,10273,2,0,24 23,1,70,,10274,2,0,24 23,1,30,,10275,2,0,24 23,1,70,,10276,2,0,24 23,1,30,,10277,2,0,24 23,1,70,,10278,2,0,24 23,1,30,,10279,2,0,24 23,1,70,,10280,2,0,24 23,1,30,,10281,2,0,24 23,1,70,,10282,2,0,24 23,1,30,,10283,2,0,24 23,1,70,,10284,2,0,24 23,1
600,'1',600,,11249,2,0,17,1,30,,11250,2,0,17,1,70,,11251,2,0,17,1,20,,11252,2,0,17,1,20,,11253,2,0,17,1,60,,11254,2,0,17,1,20,,11255,2,0,17,1,20,,11256,2,0,17,1,60,,11257,2,0,17,1,20,,11258,2,0,17,1,20,,11259,2,0,17,1,60,,11260,2,0,17,1,30,,11261,2,0,17,1,70,,11262,2,0,17,1,30,,11263,2,0,17,1,70,,11264,2,0,17,1,30,,11265,2,0,17,1,70,,11266,2,0,17,1,30,,11267,2,0,17,1,71,,11268,2,0,17,1,20,,11269,2,0,17,1,20,,11270,2,0,17,1,60,,11271,2,0,17,1,20,,11272,2,0,17,1,20,,11273,2,0,17,1,60,,11274,2,0,17,1,20,,11275,2,0,17,1,20,,11276,2,0,17,1,60,,11277,2,0,17,1,20,,11278,2,0,17,1,20,,11279,2,0,17,1,59,,11280,2,0,17,1,30,,11281,2,0,17,1,70,,11282,2,0,17,1,30,,11283,2,0,17,1,70,,11284,2,0,17,1,30,,11285,2,0,17,1,70,,11286,2,0,17,1,30,,11287,2,0,17,1,70,,11288,2,0,17,1,30,,11289,2,0,17,1,70,,11290,2,0,17,1,30,,11291,2,0,17,1,70,,11292,2,0,17,1,30,,11293,2,0,17,1
600,'2',600,,11331,2,0,17,1,30,,11330,2,0,17,1,70,,11329,2,0,17,1,30,,11328,2,0,17,1,70,,11327,2,0,17,1,30,,11326,2,0,17,1,70,,11325,2,0,17,1,30,,11324,2,0,17,1,70,,11323,2,0,17,1,30,,11322,2,0,17,1,70,,11321,2,0,17,1,30,,11320,2,0,17,1,70,,11319,2,0,17,1,30,,11318,2,0,17,1,70,,11317,2,0,17,1,30,,11316,2,0,17,1,70,,11315,2,0,17,1,30,,11314,2,0,17,1,70,,11313,2,0,17,1,30,,11312,2,0,17,1,70,,11311,2,0,17,1,30,,11310,2,0,17,1,70,,11309,2,0,17,1,30,,11308,2,0,17,1,70,,11307,2,0,17,1,30,,11306,2,0,17,1,70,,11305,2,0,17,1,30,,11304,2,0,17,1,70,,11303,2,0,17,1,30,,11302,2,0,17,1,70,,11301,2,0,17,1,30,,11300,2,0,17,1,70,,11299,2,0,17,1,30,,11298,2,0,17,1,70,,11297,2,0,17,1,30,,11296,2,0,17,1,70,,11295,2,0,17,1,30,,11294,2,0,17,1
600,'3',930,,11332,2,0,17,1,70,,11333,2,0,17,1,30,,11334,2,0,17,1,70,,11335,2,0,17,1,30,,11336,2,0,17,1,70,,11337,2,0,17,1,30,,11338,2,0,17,1,70,,11339,2,0,17,1,30,,11340,2,0,17,1,70,,11341,2,0,17,1,30,,11342,2,0,17,1,70,,11343,2,0,17,1,30,,11344,2,0,17,1,70,,11345,2,0,17,1,30,,11346,2,0,17,1,70,,11347,2,0,17,1,30,,11348,2,0,17,1,70,,11349,2,0,17,1,30,,11350,2,0,17,1,70,,11351,2,0,17,1
700,'1',600,,11503,2,0,28,1,30,,11502,2,0,28,1,70,,11501,2,0,28,1,20,,11500,2,0,28,1,20,,11499,2,0,28,1,60,,11498,2,0,28,1,20,,11497,2,0,28,1,20,,11496,2,0,28,1,60,,11495,2,0,28,1,20,,11494,2,0,28,1,20,,11493,2,0,28,1,60,,11492,2,0,28,1,30,,11491,2,0,28,1,70,,11490,2,0,28,1,30,,11489,2,0,28,1,70,,11488,2,0,28,1,30,,11487,2,0,28,1,70,,11486,2,0,28,1,30,,11485,2,0,28,1,71,,11484,2,0,28,1,20,,11483,2,0,28,1,20,,11482,2,0,28,1,60,,11481,2,0,28,1,20,,11480,2,0,28,1,20,,11479,2,0,28,1,60,,11478,2,0,28,1,20,,11477,2,0,28,1,20,,11476,2,0,28,1,60,,11475,2,0,28,1,20,,11474,2,0,28,1,20,,11473,2,0,28,1,59,,11472,2,0,28,1,30,,11471,2,0,28,1,70,,11470,2,0,28,1,30,,11469,2,0,28,1,70,,11468,2,0,28,1,30,,11467,2,0,28,1,70,,11466,2,0,28,1,30,,11465,2,0,28,1,70,,11464,2,0,28,1,30,,11463,2,0,28,1,70,,11462,2,0,28,1,30,,11461,2,0,28,1,70,,11460,2,0,28,1,30,,11458,2,0,28,1
700,'2',600,,11541,2,0,28,1,30,,11540,2,0,28,1,70,,11539,2,0,28,1,30,,11538,2,0,28,1,70,,11537,2,0,28,1,30,,11536,2,0,28,1,70,,11535,2,0,28,1,30,,11534,2,0,28,1,70,,11533,2,0,28,1,30,,11532,2,0,28,1,70,,11531,2,0,28,1,30,,11530,2,0,28,1,70,,11529,2,0,28,1,30,,11528,2,0,28,1,70,,11527,2,0,28,1,30,,11526,2,0,28,1,70,,11525,2,0,28,1,30,,11524,2,0,28,1,70,,11523,2,0,28,1,30,,11522,2,0,28,1,70,,11521,2,0,28,1,30,,11520,2,0,28,1,70,,11519,2,0,28,1,30,,11518,2,0,28,1,70,,11517,2,0,28,1,30,,11516,2,0,28,1,70,,11515,2,0,28,1,30,,11514,2,0,28,1,70,,11513,2,0,28,1,30,,11512,2,0,28,1,70,,11511,2,0,28,1,30,,11510,2,0,28,1,70,,11509,2,0,28,1,30,,11508,2,0,28,1,70,,11507,2,0,28,1,30,,11506,2,0,28,1,70,,11505,2,0,28,1,30,,11504,2,0,28,1
700,'3',930,,11544,2,0,28,1,70,,11545,2,0,28,1,30,,11546,2,0,28,1,70,,11547,2,0,28,1,30,,11548,2,0,28,1,70,,11549,2,0,28,1,30,,11550,2,0,28,1,70,,11551,2,0,28,1,30,,11552,2,0,28,1,70,,11553,2,0,28,1,30,,11554,2,0,28,1,70,,11555,2,0,28,1,30,,11556,2,0,28,1,70,,11557,2,0,28,1,30,,11558,2,0,28,1,70,,11559,2,0,28,1,30,,11560,2,0,28,1,70,,11561,2,0,28,1,30,,11562,2,0,28,1,70,,11563,2,0,28,1
9901,'1',550,,14917,2,,,1,50,,14918,10,,,1,10,,14919,10,,,1,10,,14920,22,,,1,10,,14921,22,,,1,10,,14922,22,,,1,10,,14923,22,,,1,50,,14924,22,,,1,10,,14925,22,,,1,10,,14926,22,,,1,6,,15029,2,,,1,4,,14927,22,,,1,10,,14928,22,,,1,10,,14929,22,,,1,6,,15030,2,,,1,44,,14930,22,,,1,10,,14931,22,,,1,10,,14932,22,,,1,6,,15031,2,,,1,4,,14933,22,,,1,10,,14934,22,,,1,10,,14935,22,,,1,6,,15032,2,,,1,44,,14936,22,,,1,10,,14937,22,,,1,10,,14938,22,,,1,6,,15033,2,,,1,4,,14939,22,,,1,10,,14940,22,,,1,10,,14941,22,,,1,6,,15034,2,,,1,44,,14942,22,,,1,10,,14943,22,,,1,10,,14944,22,,,1,6,,15035,2,,,1,4,,14945,22,,,1,5,,15036,2,,,1,5,,14946,22,,,1,10,,14947,22,,,1,50,,14948,22,,,1,5,,15037,2,,,1,5,,14949,22,,,1,10,,14950,22,,,1,10,,14951,22,,,1,5,,15038,2,,,1,5,,14952,22,,,1,10,,14953,22,,,1,50,,14954,22,,,1,5,,15039,2,,,1,5,,14955,22,,,1,10,,14956,22,,,1,10,,14957,22,,,1,5,,15040,2,,,1,5,,14958,22,,,1,10,,14959,22,,,1,50,,14960,22,,,1,5,,15041,2,,,1,5,,14961,22,,,1,10,,14962,22,,,1,10,,14963,22,,,1,5,,15042,2,,,1,5,,14964,22,,,1,10,,14965,22,,,1,50,,14966,22,,,1,5,,15043,2,,,1,5,,14967,22,,,1,10,,14968,22,,,1,6,,15044,2,,,1,4,,14969,22,,,1,5,,15045,2,,,1,5,,14970,22,,,1,10,,14971,22,,,1,6,,15046,2,,,1,44,,14972,22,,,1,5,,15047,2,,,1,5,,14973,22,,,1,10,,14974,22,,,1,6,,15048,2,,,1,4,,14975,22,,,1,5,,15049,2,,,1,5,,14976,22,,,1,10,,14977,22,,,1,6,,15050,2,,,1,44,,14978,22,,,1,5,,15051,2,,,1,5,,14979,22,,,1,10,,14980,22,,,1,6,,15052,2,,,1,4,,14981,22,,,1,5,,15053,2,,,1,5,,14982,22,,,1,10,,14983,22,,,1,6,,15054,2,,,1,44,,14984,22,,,1,5,,15055,2,,,1,5,,14985,22,,,1,10,,14986,22,,,1,6,,15056,2,,,1,4,,14987,22,,,1,10,,14988,22,,,1,10,,14989,22,,,1,6,,15057,2,,,1,44,,14990,22,,,1,10,,14991,22,,,1,10,,14992,22,,,1,10,,14993,22,,,1,10,,14994,22,,,1,10,,14995,22,,,1,50,,14996,22,,,1,10,,14997,22,,,1,10,,14998,22,,,1,10,,14999,22,,,1,10,,15000,22,,,1,10,,15001,22,,,1,50,,15002,22,,,1,10,,15003,22,,,1,10,,15004,22,,,1,10,,15005,22,,,1,10,,15006,22,,,1,10,,15007,22,,,1,50,,15008,22,,,1,10,,15009,22,,,1,10,,15010,22,,,1,10,,15011,22,,,1,10,,15012,22,,,1,10,,15013,22,,,1,50,,15014,22,,,1,10,,15015,22,,,1,10,,15016,22,,,1,10,,15017,22,,,1,15,,15019,10,,,1,55,,15020,22,,,1,15,,15021,10,,,1,15,,15022,22,,,1,15,,15023,10,,,1,55,,15024,22,,,1,15,,15025,10,,,1,15,,15026,22,,,1
9901,'2',545,,15149,2,,,1,55,,15148,10,,,1,15,,15146,10,,,1,15,,15147,22,,,1,15,,15144,10,,,1,55,,15145,22,,,1,15,,15142,10,,,1,15,,15143,22,,,1,15,,15140,10,,,1,55,,15141,22,,,1,15,,15138,10,,,1,15,,15139,22,,,1,15,,15136,10,,,1,55,,15137,22,,,1,15,,15134,10,,,1,15,,15135,22,,,1,15,,15132,10,,,1,55,,15133,22,,,1,15,,15130,10,,,1,15,,15131,22,,,1,15,,15128,10,,,1,55,,15129,22,,,1,15,,15126,10,,,1,15,,15127,22,,,1,15,,15124,10,,,1,55,,15125,22,,,1,15,,15122,10,,,1,15,,15123,22,,,1,15,,15120,10,,,1,55,,15121,22,,,1,15,,15118,10,,,1,15,,15119,22,,,1,15,,15116,10,,,1,55,,15117,22,,,1,15,,15114,10,,,1,15,,15115,22,,,1,15,,15150,10,,,1,55,,15113,22,,,1,15,,15111,10,,,1,15,,15151,2,,,1,15,,15109,10,,,1,55,,15110,22,,,1,15,,15107,10,,,1,15,,15108,22,,,1,15,,15105,10,,,1,55,,15106,22,,,1,15,,15103,10,,,1,15,,15104,22,,,1,15,,15101,10,,,1,55,,15102,22,,,1,15,,15099,10,,,1,15,,15100,22,,,1,15,,15097,10,,,1,55,,15098,22,,,1,15,,15095,10,,,1,15,,15096,22,,,1,15,,15093,10,,,1,55,,15094,22,,,1,15,,15091,10,,,1,15,,15092,22,,,1,15,,15089,10,,,1,55,,15090,22,,,1,15,,15087,10,,,1,15,,15088,22,,,1,15,,15085,10,,,1,55,,15086,22,,,1,15,,15083,10,,,1,15,,15084,22,,,1,15,,15081,10,,,1,55,,15082,22,,,1,15,,15079,10,,,1,15,,15080,22,,,1,15,,15077,10,,,1,55,,15078,22,,,1,15,,15075,10,,,1,15,,15076,22,,,1
9901,'3',730,,15152,10,,,1,15,,15153,10,,,1,55,,15154,22,,,1,15,,15155,10,,,1,15,,15156,22,,,1,15,,15157,10,,,1,55,,15158,22,,,1,15,,15159,10,,,1,15,,15160,22,,,1,15,,15161,10,,,1,55,,15162,22,,,1,15,,15163,10,,,1,15,,15164,22,,,1,15,,15165,10,,,1,55,,15166,22,,,1,15,,15167,10,,,1,15,,15168,22,,,1,15,,15169,10,,,1,55,,15170,22,,,1,15,,15171,10,,,1,15,,15172,22,,,1,15,,15173,10,,,1,55,,15174,22,,,1,15,,15175,10,,,1,15,,15176,22,,,1,15,,15177,10,,,1,55,,15178,22,,,1,15,,15179,10,,,1,15,,15180,22,,,1,15,,15181,10,,,1,55,,15182,22,,,1,15,,15183,10,,,1,15,,15184,22,,,1,15,,15185,10,,,1,55,,15186,22,,,1,15,,15187,10,,,1,15,,15188,22,,,1,15,,15189,10,,,1,55,,15190,22,,,1,15,,15191,10,,,1,15,,15192,22,,,1,15,,15193,10,,,1,55,,15194,22,,,1,15,,15195,10,,,1,15,,15196,22,,,1,15,,15197,10,,,1,55,,15198,22,,,1,15,,15199,10,,,1,15,,15200,22,,,1,15,,15201,10,,,1,55,,15202,22,,,1,15,,15203,10,,,1,15,,15204,22,,,1,15,,15205,10,,,1,55,,15206,22,,,1,15,,15207,10,,,1,15,,15208,22,,,1,15,,15209,10,,,1,55,,15210,22,,,1,15,,15211,10,,,1,15,,15212,22,,,1
9901,'7',930,,15214,10,,,1,70,,15215,22,,,1,30,,15216,22,,,1,70,,15217,22,,,1,30,,15218,22,,,1,70,,15219,22,,,1,30,,15220,22,,,1,70,,15221,22,,,1,30,,15222,22,,,1,70,,15223,22,,,1,30,,15224,22,,,1,70,,15225,22,,,1,30,,15226,22,,,1,70,,15227,22,,,1,30,,15228,22,,,1,70,,15229,22,,,1,30,,15230,22,,,1,70,,15231,22,,,1,30,,15232,22,,,1,70,,15233,22,,,1
1000400,'14802',2509,,15234,7,0,33 9 15,1,20,,15235,8,0,33 9 15,1,20,,15236,8,0,33 9 15,1,60,,15237,8,0,33 9 15,1,20,,15238,8,0,33 9 15,1
1000400,'7901',2529,,15239,8,0,33 9 15,1,80,,15240,8,0,33 9 15,1
1000400,'8001',2509,,15241,7,0,33 9 15,1,40,,15242,8,0,33 9 15,1,80,,15243,8,0,33 9 15,1
1000700,'14802',2511,,15313,2,0,17 18,1,20,,15314,8,0,17 18,1,20,,15315,8,0,17 18,1,60,,15316,8,0,17 18,1,20,,15317,8,0,17 18,1
1000700,'7901',2531,,15318,8,0,17 18,1,80,,15319,8,0,17 18,1
1000700,'8001',2511,,15320,2,0,17 18,1,40,,15321,8,0,17 18,1,80,,15322,8,0,17 18,1
1000800,'3403',1816,,15333,2,,,1,35,,15334,2,,,1,75,,15335,2,,,1,75,,15336,2,,,1,35,,15337,2,,,1,75,,15338,2,,,1,35,,15339,2,,,1,75,,15340,2,,,1,35,,15341,2,,,1,75,,15342,2,,,1,75,,15343,2,,,1,35,,15344,2,,,1
1119801,'14802',2518,,15361,9,,,1,30,,15362,9,,,1,70,,15363,9,,,1,30,,15364,9,,,1
1119801,'8001',2518,,15365,9,,,1,30,,15366,9,,,1,70,,15367,9,,,1,30,,15368,9,,,1
