100,'1',602,,10189,4,0,24 23,1,30,,10190,4,0,24 23,1,70,,10191,4,0,24 23,1,30,,10192,4,0,24 23,1,70,,10193,4,0,24 23,1,30,,10194,4,0,24 23,1,70,,10195,4,0,24 23,1,30,,10196,4,0,24 23,1,70,,10197,4,0,24 23,1,30,,10198,4,0,24 23,1,70,,10199,4,0,24 23,1,30,,10200,4,0,24 23,1,70,,10201,4,0,24 23,1,30,,10202,4,0,24 23,1,70,,10203,4,0,24 23,1,30,,10204,4,0,24 23,1,70,,10205,4,0,24 23,1,30,,10206,4,0,24 23,1,70,,10207,4,0,24 23,1,30,,10208,4,0,24 23,1,70,,10209,4,0,24 23,1,30,,10210,4,0,24 23,1,70,,10211,4,0,24 23,1,30,,10212,4,0,24 23,1,70,,10213,4,0,24 23,1,30,,10214,4,0,24 23,1,70,,10215,4,0,24 23,1,30,,10216,4,0,24 23,1,70,,10217,4,0,24 23,1,30,,10218,4,0,24 23,1,70,,10219,4,0,24 23,1,30,,10220,4,0,24 23,1,70,,10221,4,0,24 23,1,30,,10222,4,0,24 23,1,70,,10223,4,0,24 23,1,30,,10224,4,0,24 23,1,70,,10225,4,0,24 23,1,30,,10226,4,0,24 23,1
100,'2',602,,10227,4,0,24 23,1,30,,10228,4,0,24 23,1,70,,10229,4,0,24 23,1,30,,10230,4,0,24 23,1,70,,10231,4,0,24 23,1,30,,10232,4,0,24 23,1,70,,10233,4,0,24 23,1,30,,10234,4,0,24 23,1,70,,10235,4,0,24 23,1,30,,10236,4,0,24 23,1,70,,10237,4,0,24 23,1,30,,10238,4,0,24 23,1,70,,10239,4,0,24 23,1,30,,10240,4,0,24 23,1,70,,10241,4,0,24 23,1,30,,10242,4,0,24 23,1,70,,10243,4,0,24 23,1,30,,10244,4,0,24 23,1,70,,10245,4,0,24 23,1,30,,10246,4,0,24 23,1,70,,10247,4,0,24 23,1,30,,10248,4,0,24 23,1,70,,10249,4,0,24 23,1,30,,10250,4,0,24 23,1,70,,10251,4,0,24 23,1,30,,10252,4,0,24 23,1,70,,10253,4,0,24 23,1,30,,10254,4,0,24 23,1,70,,10255,4,0,24 23,1,30,,10256,4,0,24 23,1,70,,10257,4,0,24 23,1,30,,10258,4,0,24 23,1,70,,10259,4,0,24 23,1,30,,10260,4,0,24 23,1,70,,10261,4,0,24 23,1,30,,10262,4,0,24 23,1,70,,10263,4,0,24 23,1,30,,10264,4,0,24 23,1
100,'3',932,,10265,4,0,24 23,1,70,,10266,4,0,24 23,1,30,,10267,4,0,24 23,1,70,,10268,4,0,24 23,1,30,,10269,4,0,24 23,1,70,,10270,4,0,24 23,1,30,,10271,4,0,24 23,1,70,,10272,4,0,24 23,1,30,,10273,4,0,24 23,1,70,,10274,4,0,24 23,1,30,,10275,4,0,24 23,1,70,,10276,4,0,24 23,1,30,,10277,4,0,24 23,1,70,,10278,4,0,24 23,1,30,,10279,4,0,24 23,1,70,,10280,4,0,24 23,1,30,,10281,4,0,24 23,1,70,,10282,4,0,24 23,1,30,,10283,4,0,24 23,1,70,,10284,4,0,24 23,1
700,'1',602,,11503,4,0,28,1,30,,11502,4,0,28,1,70,,11501,4,0,28,1,20,,11500,4,0,28,1,20,,11499,4,0,28,1,60,,11498,4,0,28,1,20,,11497,4,0,28,1,20,,11496,4,0,28,1,60,,11495,4,0,28,1,20,,11494,4,0,28,1,20,,11493,4,0,28,1,60,,11492,4,0,28,1,30,,11491,4,0,28,1,70,,11490,4,0,28,1,30,,11489,4,0,28,1,70,,11488,4,0,28,1,30,,11487,4,0,28,1,70,,11486,4,0,28,1,30,,11485,4,0,28,1,71,,11484,4,0,28,1,20,,11483,4,0,28,1,20,,11482,4,0,28,1,60,,11481,4,0,28,1,20,,11480,4,0,28,1,20,,11479,4,0,28,1,60,,11478,4,0,28,1,20,,11477,4,0,28,1,20,,11476,4,0,28,1,60,,11475,4,0,28,1,20,,11474,4,0,28,1,20,,11473,4,0,28,1,59,,11472,4,0,28,1,30,,11471,4,0,28,1,70,,11470,4,0,28,1,30,,11469,4,0,28,1,70,,11468,4,0,28,1,30,,11467,4,0,28,1,70,,11466,4,0,28,1,30,,11465,4,0,28,1,70,,11464,4,0,28,1,30,,11463,4,0,28,1,70,,11462,4,0,28,1,30,,11461,4,0,28,1,70,,11460,4,0,28,1,30,,11458,4,0,28,1
700,'2',602,,11541,4,0,28,1,30,,11540,4,0,28,1,70,,11539,4,0,28,1,30,,11538,4,0,28,1,70,,11537,4,0,28,1,30,,11536,4,0,28,1,70,,11535,4,0,28,1,30,,11534,4,0,28,1,70,,11533,4,0,28,1,30,,11532,4,0,28,1,70,,11531,4,0,28,1,30,,11530,4,0,28,1,70,,11529,4,0,28,1,30,,11528,4,0,28,1,70,,11527,4,0,28,1,30,,11526,4,0,28,1,70,,11525,4,0,28,1,30,,11524,4,0,28,1,70,,11523,4,0,28,1,30,,11522,4,0,28,1,70,,11521,4,0,28,1,30,,11520,4,0,28,1,70,,11519,4,0,28,1,30,,11518,4,0,28,1,70,,11517,4,0,28,1,30,,11516,4,0,28,1,70,,11515,4,0,28,1,30,,11514,4,0,28,1,70,,11513,4,0,28,1,30,,11512,4,0,28,1,70,,11511,4,0,28,1,30,,11510,4,0,28,1,70,,11509,4,0,28,1,30,,11508,4,0,28,1,70,,11507,4,0,28,1,30,,11506,4,0,28,1,70,,11505,4,0,28,1,30,,11504,4,0,28,1
700,'3',932,,11544,4,0,28,1,70,,11545,4,0,28,1,30,,11546,4,0,28,1,70,,11547,4,0,28,1,30,,11548,4,0,28,1,70,,11549,4,0,28,1,30,,11550,4,0,28,1,70,,11551,4,0,28,1,30,,11552,4,0,28,1,70,,11553,4,0,28,1,30,,11554,4,0,28,1,70,,11555,4,0,28,1,30,,11556,4,0,28,1,70,,11557,4,0,28,1,30,,11558,4,0,28,1,70,,11559,4,0,28,1,30,,11560,4,0,28,1,70,,11561,4,0,28,1,30,,11562,4,0,28,1,70,,11563,4,0,28,1
9901,'1',552,,14917,4,,,1,50,,14918,12,,,1,10,,14919,12,,,1,10,,14920,24,,,1,10,,14921,24,,,1,10,,14922,24,,,1,10,,14923,24,,,1,50,,14924,24,,,1,10,,14925,24,,,1,10,,14926,24,,,1,6,,15029,4,,,1,4,,14927,24,,,1,10,,14928,24,,,1,10,,14929,24,,,1,6,,15030,4,,,1,44,,14930,24,,,1,10,,14931,24,,,1,10,,14932,24,,,1,6,,15031,4,,,1,4,,14933,24,,,1,10,,14934,24,,,1,10,,14935,24,,,1,6,,15032,4,,,1,44,,14936,24,,,1,10,,14937,24,,,1,10,,14938,24,,,1,6,,15033,4,,,1,4,,14939,24,,,1,10,,14940,24,,,1,10,,14941,24,,,1,6,,15034,4,,,1,44,,14942,24,,,1,10,,14943,24,,,1,10,,14944,24,,,1,6,,15035,4,,,1,4,,14945,24,,,1,5,,15036,4,,,1,5,,14946,24,,,1,10,,14947,24,,,1,50,,14948,24,,,1,5,,15037,4,,,1,5,,14949,24,,,1,10,,14950,24,,,1,10,,14951,24,,,1,5,,15038,4,,,1,5,,14952,24,,,1,10,,14953,24,,,1,50,,14954,24,,,1,5,,15039,4,,,1,5,,14955,24,,,1,10,,14956,24,,,1,10,,14957,24,,,1,5,,15040,4,,,1,5,,14958,24,,,1,10,,14959,24,,,1,50,,14960,24,,,1,5,,15041,4,,,1,5,,14961,24,,,1,10,,14962,24,,,1,10,,14963,24,,,1,5,,15042,4,,,1,5,,14964,24,,,1,10,,14965,24,,,1,50,,14966,24,,,1,5,,15043,4,,,1,5,,14967,24,,,1,10,,14968,24,,,1,6,,15044,4,,,1,4,,14969,24,,,1,5,,15045,4,,,1,5,,14970,24,,,1,10,,14971,24,,,1,6,,15046,4,,,1,44,,14972,24,,,1,5,,15047,4,,,1,5,,14973,24,,,1,10,,14974,24,,,1,6,,15048,4,,,1,4,,14975,24,,,1,5,,15049,4,,,1,5,,14976,24,,,1,10,,14977,24,,,1,6,,15050,4,,,1,44,,14978,24,,,1,5,,15051,4,,,1,5,,14979,24,,,1,10,,14980,24,,,1,6,,15052,4,,,1,4,,14981,24,,,1,5,,15053,4,,,1,5,,14982,24,,,1,10,,14983,24,,,1,6,,15054,4,,,1,44,,14984,24,,,1,5,,15055,4,,,1,5,,14985,24,,,1,10,,14986,24,,,1,6,,15056,4,,,1,4,,14987,24,,,1,10,,14988,24,,,1,10,,14989,24,,,1,6,,15057,4,,,1,44,,14990,24,,,1,10,,14991,24,,,1,10,,14992,24,,,1,10,,14993,24,,,1,10,,14994,24,,,1,10,,14995,24,,,1,50,,14996,24,,,1,10,,14997,24,,,1,10,,14998,24,,,1,10,,14999,24,,,1,10,,15000,24,,,1,10,,15001,24,,,1,50,,15002,24,,,1,10,,15003,24,,,1,10,,15004,24,,,1,10,,15005,24,,,1,10,,15006,24,,,1,10,,15007,24,,,1,50,,15008,24,,,1,10,,15009,24,,,1,10,,15010,24,,,1,10,,15011,24,,,1,10,,15012,24,,,1,10,,15013,24,,,1,50,,15014,24,,,1,10,,15015,24,,,1,10,,15016,24,,,1,10,,15017,24,,,1,15,,15019,12,,,1,55,,15020,24,,,1,15,,15021,12,,,1,15,,15022,24,,,1,15,,15023,12,,,1,55,,15024,24,,,1,15,,15025,12,,,1,15,,15026,24,,,1
9901,'2',547,,15149,4,,,1,55,,15148,12,,,1,15,,15146,12,,,1,15,,15147,24,,,1,15,,15144,12,,,1,55,,15145,24,,,1,15,,15142,12,,,1,15,,15143,24,,,1,15,,15140,12,,,1,55,,15141,24,,,1,15,,15138,12,,,1,15,,15139,24,,,1,15,,15136,12,,,1,55,,15137,24,,,1,15,,15134,12,,,1,15,,15135,24,,,1,15,,15132,12,,,1,55,,15133,24,,,1,15,,15130,12,,,1,15,,15131,24,,,1,15,,15128,12,,,1,55,,15129,24,,,1,15,,15126,12,,,1,15,,15127,24,,,1,15,,15124,12,,,1,55,,15125,24,,,1,15,,15122,12,,,1,15,,15123,24,,,1,15,,15120,12,,,1,55,,15121,24,,,1,15,,15118,12,,,1,15,,15119,24,,,1,15,,15116,12,,,1,55,,15117,24,,,1,15,,15114,12,,,1,15,,15115,24,,,1,15,,15150,12,,,1,55,,15113,24,,,1,15,,15111,12,,,1,15,,15151,4,,,1,15,,15109,12,,,1,55,,15110,24,,,1,15,,15107,12,,,1,15,,15108,24,,,1,15,,15105,12,,,1,55,,15106,24,,,1,15,,15103,12,,,1,15,,15104,24,,,1,15,,15101,12,,,1,55,,15102,24,,,1,15,,15099,12,,,1,15,,15100,24,,,1,15,,15097,12,,,1,55,,15098,24,,,1,15,,15095,12,,,1,15,,15096,24,,,1,15,,15093,12,,,1,55,,15094,24,,,1,15,,15091,12,,,1,15,,15092,24,,,1,15,,15089,12,,,1,55,,15090,24,,,1,15,,15087,12,,,1,15,,15088,24,,,1,15,,15085,12,,,1,55,,15086,24,,,1,15,,15083,12,,,1,15,,15084,24,,,1,15,,15081,12,,,1,55,,15082,24,,,1,15,,15079,12,,,1,15,,15080,24,,,1,15,,15077,12,,,1,55,,15078,24,,,1,15,,15075,12,,,1,15,,15076,24,,,1
9901,'3',732,,15152,12,,,1,15,,15153,12,,,1,55,,15154,24,,,1,15,,15155,12,,,1,15,,15156,24,,,1,15,,15157,12,,,1,55,,15158,24,,,1,15,,15159,12,,,1,15,,15160,24,,,1,15,,15161,12,,,1,55,,15162,24,,,1,15,,15163,12,,,1,15,,15164,24,,,1,15,,15165,12,,,1,55,,15166,24,,,1,15,,15167,12,,,1,15,,15168,24,,,1,15,,15169,12,,,1,55,,15170,24,,,1,15,,15171,12,,,1,15,,15172,24,,,1,15,,15173,12,,,1,55,,15174,24,,,1,15,,15175,12,,,1,15,,15176,24,,,1,15,,15177,12,,,1,55,,15178,24,,,1,15,,15179,12,,,1,15,,15180,24,,,1,15,,15181,12,,,1,55,,15182,24,,,1,15,,15183,12,,,1,15,,15184,24,,,1,15,,15185,12,,,1,55,,15186,24,,,1,15,,15187,12,,,1,15,,15188,24,,,1,15,,15189,12,,,1,55,,15190,24,,,1,15,,15191,12,,,1,15,,15192,24,,,1,15,,15193,12,,,1,55,,15194,24,,,1,15,,15195,12,,,1,15,,15196,24,,,1,15,,15197,12,,,1,55,,15198,24,,,1,15,,15199,12,,,1,15,,15200,24,,,1,15,,15201,12,,,1,55,,15202,24,,,1,15,,15203,12,,,1,15,,15204,24,,,1,15,,15205,12,,,1,55,,15206,24,,,1,15,,15207,12,,,1,15,,15208,24,,,1,15,,15209,12,,,1,55,,15210,24,,,1,15,,15211,12,,,1,15,,15212,24,,,1
9901,'7',932,,15214,12,,,1,70,,15215,24,,,1,30,,15216,24,,,1,70,,15217,24,,,1,30,,15218,24,,,1,70,,15219,24,,,1,30,,15220,24,,,1,70,,15221,24,,,1,30,,15222,24,,,1,70,,15223,24,,,1,30,,15224,24,,,1,70,,15225,24,,,1,30,,15226,24,,,1,70,,15227,24,,,1,30,,15228,24,,,1,70,,15229,24,,,1,30,,15230,24,,,1,70,,15231,24,,,1,30,,15232,24,,,1,70,,15233,24,,,1
1000600,'14802',2513,,15293,3,0,24 29,1,20,,15294,3,0,24 29,1,20,,15295,3,0,24 29,1,60,,15296,3,0,24 29,1,20,,15297,3,0,24 29,1
1000600,'7901',2533,,15298,3,0,24 29,1,80,,15299,3,0,24 29,1
1000600,'8001',2513,,15300,3,0,24 29,1,40,,15301,3,0,24 29,1,80,,15302,3,0,24 29,1
1000800,'3403',1818,,15333,4,,,1,35,,15334,4,,,1,75,,15335,4,,,1,75,,15336,4,,,1,35,,15337,4,,,1,75,,15338,4,,,1,35,,15339,4,,,1,75,,15340,4,,,1,35,,15341,4,,,1,75,,15342,4,,,1,75,,15343,4,,,1,35,,15344,4,,,1
1119801,'14802',2527,,15361,12,,,1,30,,15362,12,,,1,70,,15363,12,,,1,30,,15364,12,,,1
1119801,'8001',2527,,15365,12,,,1,30,,15366,12,,,1,70,,15367,12,,,1,30,,15368,12,,,1
21005200,'12701',713,,15481,3,0,14 30,1,20,,15482,3,0,14 30,1,20,,15483,3,0,14 30,1,60,,15484,3,0,14 30,1,20,,15485,3,0,14 30,1,20,,15486,3,0,14 30,1,60,,15487,3,0,14 30,1,20,,15488,3,0,14 30,1,20,,15489,3,0,14 30,1,60,,15490,3,0,14 30,1,20,,15511,3,0,14 30,1,20,,15512,3,0,14 30,1,60,,15491,3,0,14 30,1,20,,15492,3,0,14 30,1,20,,15493,3,0,14 30,1,60,,15494,3,0,14 30,1,20,,15495,3,0,14 30,1,20,,15496,3,0,14 30,1,60,,15497,3,0,14 30,1,20,,15498,3,0,14 30,1,20,,15499,3,0,14 30,1,60,,15500,3,0,14 30,1,20,,15501,3,0,14 30,1,20,,15502,3,0,14 30,1,60,,15503,3,0,14 30,1,20,,15504,3,0,14 30,1,20,,15505,3,0,14 30,1,60,,15506,3,0,14 30,1,20,,15507,3,0,14 30,1,20,,15508,3,0,14 30,1,60,,15509,3,0,14 30,1,20,,15510,3,0,14 30,1
21005600,'12701',713,,15569,3,0,14 29,1,20,,15570,3,0,14 29,1,20,,15571,3,0,14 29,1,60,,15572,3,0,14 29,1,20,,15573,3,0,14 29,1,20,,15574,3,0,14 29,1,60,,15575,3,0,14 29,1,20,,15568,3,0,14 29,1,20,,15545,3,0,14 29,1,60,,15567,3,0,14 29,1,20,,15566,3,0,14 29,1,20,,15565,3,0,14 29,1,60,,15564,3,0,14 29,1,20,,15563,3,0,14 29,1,20,,15562,3,0,14 29,1,60,,15561,3,0,14 29,1,20,,15560,3,0,14 29,1,20,,15559,3,0,14 29,1,60,,15558,3,0,14 29,1,20,,15557,3,0,14 29,1,21,,15556,3,0,14 29,1,60,,15555,3,0,14 29,1,20,,15554,3,0,14 29,1,20,,15553,3,0,14 29,1,60,,15552,3,0,14 29,1,20,,15551,3,0,14 29,1,20,,15550,3,0,14 29,1,60,,15549,3,0,14 29,1,20,,15548,3,0,14 29,1,20,,15547,3,0,14 29,1,60,,15546,3,0,14 29,1,20,,15576,3,0,14 29,1,19,,15577,3,0,14 29,1,65,,15578,3,0,14 29,1,30,,15579,3,0,14 29,1,70,,15580,3,0,14 29,1,30,,15581,3,0,14 29,1,70,,15582,3,0,14 29,1,30,,15583,3,0,14 29,1
