501,'1',551,,11114,11,0,22,1,70,,11115,11,0,22,1,30,,11116,11,0,22,1,77,,11117,11,0,22,1,15,,11118,11,0,22,1,15,,11119,11,0,22,1,55,,11120,11,0,22,1,15,,11121,11,0,22,1,15,,11122,11,0,22,1,15,,11123,11,0,22,1,55,,11124,11,0,22,1,15,,11125,11,0,22,1,15,,11126,11,0,22,1,15,,11127,11,0,22,1,55,,11128,11,0,22,1,15,,11129,11,0,22,1,15,,11130,11,0,22,1,15,,11131,11,0,22,1,55,,11132,11,0,22,1,15,,11133,11,0,22,1,15,,11134,11,0,22,1,15,,11135,11,0,22,1,55,,11136,11,0,22,1,15,,11137,11,0,22,1,15,,11138,11,0,22,1,15,,11139,11,0,22,1,55,,11140,11,0,22,1,15,,11141,11,0,22,1,15,,11142,11,0,22,1,15,,11143,11,0,22,1,55,,11144,11,0,22,1,15,,11145,11,0,22,1,15,,11146,11,0,22,1,15,,11147,11,0,22,1,55,,11148,11,0,22,1,15,,11149,11,0,22,1,15,,11150,11,0,22,1,15,,11151,11,0,22,1,55,,11152,11,0,22,1,15,,11153,11,0,22,1,15,,11154,11,0,22,1,15,,11155,11,0,22,1,55,,11156,11,0,22,1,15,,11157,11,0,22,1,15,,11158,11,0,22,1,15,,11159,11,0,22,1,55,,11160,11,0,22,1,15,,11161,11,0,22,1,15,,11162,11,0,22,1,15,,11163,11,0,22,1,55,,11164,11,0,22,1,15,,11165,11,0,22,1,15,,11166,11,0,22,1,15,,11167,11,0,22,1,55,,11168,11,0,22,1,15,,11169,11,0,22,1,15,,11170,11,0,22,1,15,,11171,11,0,22,1,55,,11172,11,0,22,1,15,,11173,11,0,22,1,23,,11174,11,0,22,1,70,,11175,11,0,22,1,30,,11176,11,0,22,1,70,,11177,11,0,22,1,30,,11178,11,0,22,1,70,,11179,11,0,22,1
501,'2',551,,11180,11,0,22,1,70,,11181,11,0,22,1,30,,11182,11,0,22,1,77,,11183,11,0,22,1,20,,11184,11,0,22,1,60,,11185,11,0,22,1,20,,11186,11,0,22,1,20,,11187,11,0,22,1,60,,11188,11,0,22,1,20,,11189,11,0,22,1,20,,11190,11,0,22,1,60,,11191,11,0,22,1,20,,11192,11,0,22,1,20,,11193,11,0,22,1,60,,11194,11,0,22,1,20,,11195,11,0,22,1,20,,11196,11,0,22,1,60,,11197,11,0,22,1,20,,11198,11,0,22,1,20,,11199,11,0,22,1,60,,11200,11,0,22,1,20,,11201,11,0,22,1,20,,11202,11,0,22,1,60,,11203,11,0,22,1,20,,11204,11,0,22,1,20,,11205,11,0,22,1,60,,11206,11,0,22,1,20,,11207,11,0,22,1,20,,11208,11,0,22,1,60,,11209,11,0,22,1,20,,11210,11,0,22,1,20,,11211,11,0,22,1,60,,11212,11,0,22,1,20,,11213,11,0,22,1,20,,11214,11,0,22,1,60,,11215,11,0,22,1,13,,11216,11,0,22,1,30,,11217,11,0,22,1,70,,11218,11,0,22,1,30,,11219,11,0,22,1,70,,11220,11,0,22,1,30,,11221,11,0,22,1,70,,11222,11,0,22,1,30,,11223,11,0,22,1,70,,11224,11,0,22,1,30,,11225,11,0,22,1,70,,11226,11,0,22,1,30,,11227,11,0,22,1,70,,11228,11,0,22,1
501,'3',920,,11229,11,0,22,1,30,,11230,11,0,22,1,70,,11231,11,0,22,1,30,,11232,11,0,22,1,70,,11233,11,0,22,1,30,,11234,11,0,22,1,70,,11235,11,0,22,1,30,,11236,11,0,22,1,70,,11237,11,0,22,1,30,,11238,11,0,22,1,70,,11239,11,0,22,1,30,,11240,11,0,22,1,70,,11241,11,0,22,1,30,,11242,11,0,22,1,70,,11243,11,0,22,1,30,,11244,11,0,22,1,70,,11245,11,0,22,1,30,,11246,11,0,22,1,70,,11247,11,0,22,1,30,,11248,11,0,22,1
9900,'1',550,,14602,7,,,1,50,,14603,7,,,1,10,,14604,7,,,1,10,,14605,7,,,1,10,,14606,7,,,1,10,,14607,7,,,1,10,,14608,7,,,1,50,,14609,7,,,1,10,,14610,7,,,1,10,,14611,7,,,1,10,,14612,7,,,1,10,,14613,7,,,1,6,,14711,7,,,1,4,,14614,7,,,1,50,,14615,7,,,1,10,,14616,7,,,1,6,,14712,7,,,1,4,,14617,7,,,1,10,,14618,7,,,1,10,,14619,7,,,1,6,,14713,7,,,1,4,,14620,7,,,1,50,,14621,7,,,1,10,,14622,7,,,1,6,,14714,7,,,1,4,,14623,7,,,1,10,,14624,7,,,1,10,,14625,7,,,1,6,,14715,7,,,1,4,,14626,7,,,1,50,,14627,7,,,1,10,,14628,7,,,1,6,,14716,7,,,1,4,,14629,7,,,1,10,,14630,7,,,1,10,,14631,7,,,1,6,,14717,7,,,1,4,,14632,7,,,1,5,,14718,7,,,1,45,,14633,7,,,1,10,,14634,7,,,1,10,,14635,7,,,1,5,,14719,7,,,1,5,,14636,7,,,1,10,,14637,7,,,1,10,,14638,7,,,1,5,,14720,7,,,1,45,,14639,7,,,1,10,,14640,7,,,1,10,,14641,7,,,1,5,,14721,7,,,1,5,,14642,7,,,1,10,,14643,7,,,1,10,,14644,7,,,1,5,,14722,7,,,1,45,,14645,7,,,1,10,,14646,7,,,1,10,,14647,7,,,1,5,,14723,7,,,1,5,,14648,7,,,1,10,,14649,7,,,1,10,,14650,7,,,1,5,,14724,7,,,1,45,,14651,7,,,1,10,,14652,7,,,1,10,,14653,7,,,1,5,,14725,7,,,1,5,,14654,7,,,1,10,,14655,7,,,1,6,,14726,7,,,1,4,,14656,7,,,1,5,,14727,7,,,1,45,,14657,7,,,1,10,,14658,7,,,1,6,,14728,7,,,1,4,,14660,7,,,1,5,,14729,7,,,1,5,,14661,7,,,1,10,,14662,7,,,1,6,,14730,7,,,1,4,,14663,7,,,1,5,,14731,7,,,1,45,,14664,7,,,1,10,,14665,7,,,1,6,,14732,7,,,1,4,,14666,7,,,1,5,,14733,7,,,1,5,,14667,7,,,1,10,,14668,7,,,1,6,,14734,7,,,1,4,,14669,7,,,1,5,,14735,7,,,1,45,,14670,7,,,1,10,,14671,7,,,1,6,,14736,7,,,1,4,,14672,7,,,1,5,,14737,7,,,1,5,,14673,7,,,1,10,,14674,7,,,1,6,,14738,7,,,1,4,,14675,7,,,1,50,,14676,7,,,1,10,,14677,7,,,1,6,,14739,7,,,1,4,,14678,7,,,1,10,,14679,7,,,1,10,,14680,7,,,1,10,,14681,7,,,1,50,,14682,7,,,1,10,,14683,7,,,1,10,,14684,7,,,1,10,,14685,7,,,1,10,,14686,7,,,1,10,,14687,7,,,1,50,,14688,7,,,1,10,,14689,7,,,1,10,,14690,7,,,1,10,,14691,7,,,1,10,,14692,7,,,1,10,,14693,7,,,1,50,,14694,7,,,1,10,,14695,7,,,1,10,,14696,7,,,1,15,,14697,7,,,1,15,,14698,7,,,1,55,,14699,7,,,1,15,,14700,7,,,1,15,,14701,7,,,1,15,,14702,7,,,1,55,,14703,7,,,1,15,,14704,7,,,1,15,,14705,7,,,1,15,,14706,7,,,1,55,,14707,7,,,1,15,,14708,7,,,1,15,,14709,7,,,1,15,,14710,7,,,1
9900,'2',550,,14830,7,,,1,55,,14827,7,,,1,15,,14828,7,,,1,15,,14825,7,,,1,15,,14826,7,,,1,55,,14823,7,,,1,15,,14824,7,,,1,15,,14821,7,,,1,15,,14822,7,,,1,55,,14819,7,,,1,15,,14820,7,,,1,15,,14817,7,,,1,15,,14818,7,,,1,55,,14815,7,,,1,15,,14816,7,,,1,15,,14813,7,,,1,15,,14814,7,,,1,55,,14811,7,,,1,15,,14812,7,,,1,15,,14809,7,,,1,15,,14810,7,,,1,55,,14807,7,,,1,15,,14808,7,,,1,15,,14805,7,,,1,15,,14806,7,,,1,55,,14803,7,,,1,15,,14804,7,,,1,15,,14801,7,,,1,15,,14802,7,,,1,55,,14799,7,,,1,15,,14800,7,,,1,15,,14797,7,,,1,15,,14798,7,,,1,55,,14796,7,,,1,15,,14794,7,,,1,15,,14793,7,,,1,15,,14795,7,,,1,55,,14832,7,,,1,15,,14792,7,,,1,15,,14790,7,,,1,15,,14791,7,,,1,55,,14788,7,,,1,15,,14789,7,,,1,15,,14786,7,,,1,15,,14787,7,,,1,55,,14784,7,,,1,15,,14785,7,,,1,15,,14782,7,,,1,15,,14783,7,,,1,55,,14780,7,,,1,15,,14781,7,,,1,15,,14778,7,,,1,15,,14779,7,,,1,55,,14777,7,,,1,15,,14775,7,,,1,15,,14774,7,,,1,15,,14776,7,,,1,55,,14772,7,,,1,15,,14773,7,,,1,15,,14770,7,,,1,15,,14771,7,,,1,55,,14768,7,,,1,15,,14769,7,,,1,15,,14766,7,,,1,15,,14767,7,,,1,55,,14765,7,,,1,15,,14764,7,,,1,15,,14762,7,,,1,15,,14763,7,,,1,55,,14760,7,,,1,15,,14761,7,,,1,15,,14759,7,,,1,15,,14756,7,,,1,55,,14758,7,,,1,15,,14757,7,,,1,15,,14755,7,,,1
9900,'3',720,,14836,7,,,1,15,,14837,7,,,1,15,,14838,7,,,1,55,,14839,7,,,1,15,,14840,7,,,1,15,,14841,7,,,1,15,,14842,7,,,1,55,,14843,7,,,1,15,,14844,7,,,1,15,,14845,7,,,1,15,,14846,7,,,1,55,,14847,7,,,1,15,,14848,7,,,1,15,,14849,7,,,1,15,,14850,7,,,1,55,,14851,7,,,1,15,,14852,7,,,1,15,,14853,7,,,1,15,,14854,7,,,1,55,,14855,7,,,1,15,,14856,7,,,1,15,,14857,7,,,1,15,,14858,7,,,1,55,,14859,7,,,1,15,,14860,7,,,1,15,,14861,7,,,1,15,,14862,7,,,1,55,,14863,7,,,1,15,,14864,7,,,1,15,,14865,7,,,1,15,,14866,7,,,1,55,,14867,7,,,1,15,,14868,7,,,1,15,,14869,7,,,1,15,,14870,7,,,1,55,,14871,7,,,1,15,,14872,7,,,1,15,,14873,7,,,1,15,,14874,7,,,1,55,,14875,7,,,1,15,,14876,7,,,1,15,,14877,7,,,1,15,,14878,7,,,1,55,,14879,7,,,1,15,,14880,7,,,1,15,,14881,7,,,1,15,,14882,7,,,1,55,,14883,7,,,1,15,,14884,7,,,1,15,,14885,7,,,1,15,,14886,7,,,1,55,,14887,7,,,1,15,,14888,7,,,1,15,,14889,7,,,1,15,,14890,7,,,1,55,,14891,7,,,1,15,,14892,7,,,1,15,,14893,7,,,1,15,,14894,7,,,1,55,,14895,7,,,1
9900,'7',920,,14916,7,,,1,30,,14915,7,,,1,70,,14914,7,,,1,30,,14913,7,,,1,70,,14912,7,,,1,30,,14911,7,,,1,70,,14910,7,,,1,30,,14909,7,,,1,70,,14908,7,,,1,30,,14907,7,,,1,70,,14906,7,,,1,30,,14905,7,,,1,70,,14904,7,,,1,30,,14903,7,,,1,70,,14902,7,,,1,30,,14901,7,,,1,70,,14900,7,,,1,30,,14899,7,,,1,70,,14898,7,,,1,30,,14897,7,,,1
1000800,'3403',1836,,15333,25,,,1,75,,15334,25,,,1,35,,15335,25,,,1,75,,15336,25,,,1,35,,15337,25,,,1,75,,15338,25,,,1,75,,15339,25,,,1,35,,15340,25,,,1,75,,15341,25,,,1,35,,15342,25,,,1,75,,15343,25,,,1,75,,15344,25,,,1
1001800,'25201',1533,,15345,2,0,19 20 48,1,100,,15346,2,0,19 20 48,1,100,,15347,2,0,19 20 48,1,100,,15348,2,0,19 20 48,1,100,,15349,2,0,19 20 48,1,100,,15350,2,0,19 20 48,1
1119800,'14802',2542,,15357,7,,,1,70,,15358,7,,,1
1119800,'8001',2542,,15360,7,,,1,70,,15359,7,,,1
21005601,'12701',711,,15584,7,0,14 29,1,20,,15585,7,0,14 29,1,20,,15586,7,0,14 29,1,60,,15587,7,0,14 29,1,20,,15588,7,0,14 29,1,20,,15589,7,0,14 29,1,60,,15590,7,0,14 29,1,20,,15591,7,0,14 29,1,20,,15592,7,0,14 29,1,60,,15593,7,0,14 29,1,21,,15594,7,0,14 29,1,20,,15595,7,0,14 29,1,60,,15596,7,0,14 29,1,20,,15597,7,0,14 29,1,20,,15598,7,0,14 29,1,60,,15599,7,0,14 29,1,20,,15600,7,0,14 29,1,20,,15601,7,0,14 29,1,60,,15602,7,0,14 29,1,20,,15603,7,0,14 29,1,20,,15604,7,0,14 29,1,61,,15605,7,0,14 29,1,20,,15606,7,0,14 29,1,20,,15607,7,0,14 29,1,60,,15608,7,0,14 29,1,20,,15609,7,0,14 29,1,20,,15610,7,0,14 29,1,60,,15611,7,0,14 29,1,20,,15612,7,0,14 29,1,20,,15613,7,0,14 29,1,60,,15614,7,0,14 29,1,20,,15615,7,0,14 29,1,20,,15616,7,0,14 29,1,58,,15617,7,0,14 29,1,25,,15618,7,0,14 29,1,70,,15619,7,0,14 29,1,30,,15620,7,0,14 29,1,70,,15621,7,0,14 29,1,30,,15622,7,0,14 29,1,70,,15623,7,0,14 29,1
