100,'1',612,,10189,15,4,,1,30,,10190,15,4,,1,70,,10191,15,4,,1,30,,10192,15,4,,1,70,,10193,15,4,,1,30,,10194,15,4,,1,70,,10195,15,4,,1,30,,10196,15,4,,1,70,,10197,15,4,,1,30,,10198,15,4,,1,70,,10199,15,4,,1,30,,10200,15,4,,1,70,,10201,15,4,,1,30,,10202,15,4,,1,70,,10203,15,4,,1,30,,10204,15,4,,1,70,,10205,15,4,,1,30,,10206,15,4,,1,70,,10207,15,4,,1,30,,10208,15,4,,1,70,,10209,15,4,,1,30,,10210,15,4,,1,70,,10211,15,4,,1,30,,10212,15,4,,1,70,,10213,15,4,,1,30,,10214,15,4,,1,70,,10215,15,4,,1,30,,10216,15,4,,1,70,,10217,15,4,,1,30,,10218,15,4,,1,70,,10219,15,4,,1,30,,10220,15,4,,1,70,,10221,15,4,,1,30,,10222,15,4,,1,70,,10223,15,4,,1,30,,10224,15,4,,1,70,,10225,15,4,,1,30,,10226,15,4,,1
100,'2',612,,10227,15,4,,1,30,,10228,15,4,,1,70,,10229,15,4,,1,30,,10230,15,4,,1,70,,10231,15,4,,1,30,,10232,15,4,,1,70,,10233,15,4,,1,30,,10234,15,4,,1,70,,10235,15,4,,1,30,,10236,15,4,,1,70,,10237,15,4,,1,30,,10238,15,4,,1,70,,10239,15,4,,1,30,,10240,15,4,,1,70,,10241,15,4,,1,30,,10242,15,4,,1,70,,10243,15,4,,1,30,,10244,15,4,,1,70,,10245,15,4,,1,30,,10246,15,4,,1,70,,10247,15,4,,1,30,,10248,15,4,,1,70,,10249,15,4,,1,30,,10250,15,4,,1,70,,10251,15,4,,1,30,,10252,15,4,,1,70,,10253,15,4,,1,30,,10254,15,4,,1,70,,10255,15,4,,1,30,,10256,15,4,,1,70,,10257,15,4,,1,30,,10258,15,4,,1,70,,10259,15,4,,1,30,,10260,15,4,,1,70,,10261,15,4,,1,30,,10262,15,4,,1,70,,10263,15,4,,1,30,,10264,15,4,,1
100,'3',942,,10265,15,4,,1,70,,10266,15,4,,1,30,,10267,15,4,,1,70,,10268,15,4,,1,30,,10269,15,4,,1,70,,10270,15,4,,1,30,,10271,15,4,,1,70,,10272,15,4,,1,30,,10273,15,4,,1,70,,10274,15,4,,1,30,,10275,15,4,,1,70,,10276,15,4,,1,30,,10277,15,4,,1,70,,10278,15,4,,1,30,,10279,15,4,,1,70,,10280,15,4,,1,30,,10281,15,4,,1,70,,10282,15,4,,1,30,,10283,15,4,,1,70,,10284,15,4,,1
101,'1',542,,10285,2,0,24 23,1,70,,10286,1,0,24 23,1,30,,10287,1,0,24 23,1,70,,10288,1,0,24 23,1,30,,10289,1,0,24 23,1,70,,10290,1,0,24 23,1,30,,10291,1,0,24 23,1,70,,10292,1,0,24 23,1,30,,10293,1,0,24 23,1,70,,10294,1,0,24 23,1,30,,10295,1,0,24 23,1,70,,10296,1,0,24 23,1,30,,10297,1,0,24 23,1,70,,10298,1,0,24 23,1,30,,10299,1,0,24 23,1,70,,10300,1,0,24 23,1,30,,10301,1,0,24 23,1,70,,10302,1,0,24 23,1,30,,10303,1,0,24 23,1,70,,10304,1,0,24 23,1,30,,10305,1,0,24 23,1,70,,10306,1,0,24 23,1,30,,10307,1,0,24 23,1,70,,10308,1,0,24 23,1,30,,10309,1,0,24 23,1,70,,10310,1,0,24 23,1,30,,10311,1,0,24 23,1,70,,10312,1,0,24 23,1,30,,10313,1,0,24 23,1,70,,10314,1,0,24 23,1,30,,10315,1,0,24 23,1,70,,10316,1,0,24 23,1,30,,10317,1,0,24 23,1,70,,10318,1,0,24 23,1,30,,10319,1,0,24 23,1,70,,10320,1,0,24 23,1,30,,10321,1,0,24 23,1,70,,10322,1,0,24 23,1
101,'2',542,,10323,2,0,24 23,1,70,,10324,1,0,24 23,1,30,,10325,1,0,24 23,1,70,,10326,1,0,24 23,1,30,,10327,1,0,24 23,1,70,,10328,1,0,24 23,1,30,,10329,1,0,24 23,1,70,,10330,1,0,24 23,1,30,,10331,1,0,24 23,1,70,,10332,1,0,24 23,1,30,,10333,1,0,24 23,1,70,,10334,1,0,24 23,1,30,,10335,1,0,24 23,1,70,,10336,1,0,24 23,1,30,,10337,1,0,24 23,1,70,,10338,1,0,24 23,1,30,,10339,1,0,24 23,1,70,,10340,1,0,24 23,1,30,,10341,1,0,24 23,1,70,,10342,1,0,24 23,1,30,,10343,1,0,24 23,1,70,,10344,1,0,24 23,1,30,,10345,1,0,24 23,1,70,,10346,1,0,24 23,1,30,,10347,1,0,24 23,1,70,,10348,1,0,24 23,1,30,,10349,1,0,24 23,1,70,,10350,1,0,24 23,1,30,,10351,1,0,24 23,1,70,,10352,1,0,24 23,1,30,,10353,1,0,24 23,1,70,,10354,1,0,24 23,1,30,,10355,1,0,24 23,1,70,,10356,1,0,24 23,1,30,,10357,1,0,24 23,1,70,,10358,1,0,24 23,1,30,,10359,1,0,24 23,1,70,,10360,1,0,24 23,1
101,'3',912,,10361,2,0,24 23,1,30,,10362,1,0,24 23,1,70,,10363,1,0,24 23,1,30,,10364,1,0,24 23,1,70,,10365,1,0,24 23,1,30,,10366,1,0,24 23,1,70,,10367,1,0,24 23,1,30,,10368,1,0,24 23,1,70,,10369,1,0,24 23,1,30,,10370,1,0,24 23,1,70,,10371,1,0,24 23,1,30,,10372,1,0,24 23,1,70,,10373,1,0,24 23,1,30,,10374,1,0,24 23,1,70,,10375,1,0,24 23,1,30,,10376,1,0,24 23,1,70,,10377,1,0,24 23,1,30,,10378,1,0,24 23,1,70,,10379,1,0,24 23,1,30,,10380,1,0,24 23,1
600,'1',605,,11249,7,0,17,1,30,,11250,7,0,17,1,69,,11251,7,0,17,1,20,,11252,7,0,17,1,20,,11253,7,0,17,1,60,,11254,7,0,17,1,20,,11255,7,0,17,1,20,,11256,7,0,17,1,60,,11257,7,0,17,1,20,,11258,7,0,17,1,20,,11259,7,0,17,1,61,,11260,7,0,17,1,30,,11261,7,0,17,1,70,,11262,7,0,17,1,30,,11263,7,0,17,1,70,,11264,7,0,17,1,30,,11265,7,0,17,1,70,,11266,7,0,17,1,30,,11267,7,0,17,1,71,,11268,7,0,17,1,20,,11269,7,0,17,1,20,,11270,7,0,17,1,60,,11271,7,0,17,1,20,,11272,7,0,17,1,20,,11273,7,0,17,1,60,,11274,7,0,17,1,20,,11275,7,0,17,1,20,,11276,7,0,17,1,60,,11277,7,0,17,1,20,,11278,7,0,17,1,20,,11279,7,0,17,1,59,,11280,7,0,17,1,30,,11281,7,0,17,1,70,,11282,7,0,17,1,30,,11283,7,0,17,1,70,,11284,7,0,17,1,30,,11285,7,0,17,1,70,,11286,7,0,17,1,30,,11287,7,0,17,1,70,,11288,7,0,17,1,30,,11289,7,0,17,1,70,,11290,7,0,17,1,30,,11291,7,0,17,1,70,,11292,7,0,17,1,30,,11293,7,0,17,1
600,'2',604,,11331,7,0,17,1,30,,11330,7,0,17,1,70,,11329,7,0,17,1,30,,11328,7,0,17,1,70,,11327,7,0,17,1,30,,11326,7,0,17,1,70,,11325,7,0,17,1,30,,11324,7,0,17,1,70,,11323,7,0,17,1,30,,11322,7,0,17,1,70,,11321,7,0,17,1,30,,11320,7,0,17,1,70,,11319,7,0,17,1,30,,11318,7,0,17,1,70,,11317,7,0,17,1,30,,11316,7,0,17,1,70,,11315,7,0,17,1,30,,11314,7,0,17,1,70,,11313,7,0,17,1,30,,11312,7,0,17,1,70,,11311,7,0,17,1,30,,11310,7,0,17,1,70,,11309,7,0,17,1,30,,11308,7,0,17,1,70,,11307,7,0,17,1,30,,11306,7,0,17,1,70,,11305,7,0,17,1,30,,11304,7,0,17,1,70,,11303,7,0,17,1,30,,11302,7,0,17,1,70,,11301,7,0,17,1,30,,11300,7,0,17,1,70,,11299,7,0,17,1,30,,11298,7,0,17,1,70,,11297,7,0,17,1,30,,11296,7,0,17,1,70,,11295,7,0,17,1,30,,11294,7,0,17,1
600,'3',934,,11332,7,0,17,1,70,,11333,7,0,17,1,30,,11334,7,0,17,1,70,,11335,7,0,17,1,30,,11336,7,0,17,1,70,,11337,7,0,17,1,30,,11338,7,0,17,1,70,,11339,7,0,17,1,30,,11340,7,0,17,1,70,,11341,7,0,17,1,30,,11342,7,0,17,1,70,,11343,7,0,17,1,30,,11344,7,0,17,1,70,,11345,7,0,17,1,30,,11346,7,0,17,1,70,,11347,7,0,17,1,30,,11348,7,0,17,1,70,,11349,7,0,17,1,30,,11350,7,0,17,1,70,,11351,7,0,17,1
1000800,'3403',1841,,15333,31,,,1,75,,15334,31,,,1,35,,15335,31,,,1,75,,15336,31,,,1,75,,15337,31,,,1,35,,15338,31,,,1,75,,15339,31,,,1,35,,15340,31,,,1,75,,15341,31,,,1,35,,15342,31,,,1,75,,15343,31,,,1,75,,15344,31,,,1
