9901,'1',556,,14917,10,,,1,50,,14918,18,,,1,10,,14919,18,,,1,10,,14920,30,,,1,10,,14921,30,,,1,10,,14922,30,,,1,10,,14923,30,,,1,50,,14924,30,,,1,10,,14925,30,,,1,10,,14926,30,,,1,6,,15029,10,,,1,4,,14927,30,,,1,10,,14928,30,,,1,10,,14929,30,,,1,46,,15030,10,,,1,4,,14930,30,,,1,10,,14931,30,,,1,10,,14932,30,,,1,6,,15031,10,,,1,4,,14933,30,,,1,10,,14934,30,,,1,10,,14935,30,,,1,46,,15032,10,,,1,4,,14936,30,,,1,10,,14937,30,,,1,10,,14938,30,,,1,6,,15033,10,,,1,4,,14939,30,,,1,10,,14940,30,,,1,10,,14941,30,,,1,46,,15034,10,,,1,4,,14942,30,,,1,10,,14943,30,,,1,10,,14944,30,,,1,6,,15035,10,,,1,4,,14945,30,,,1,5,,15036,10,,,1,5,,14946,30,,,1,10,,14947,30,,,1,50,,14948,30,,,1,5,,15037,10,,,1,5,,14949,30,,,1,10,,14950,30,,,1,10,,14951,30,,,1,5,,15038,10,,,1,5,,14952,30,,,1,10,,14953,30,,,1,50,,14954,30,,,1,5,,15039,10,,,1,5,,14955,30,,,1,10,,14956,30,,,1,10,,14957,30,,,1,5,,15040,10,,,1,5,,14958,30,,,1,10,,14959,30,,,1,50,,14960,30,,,1,5,,15041,10,,,1,5,,14961,30,,,1,10,,14962,30,,,1,10,,14963,30,,,1,5,,15042,10,,,1,5,,14964,30,,,1,10,,14965,30,,,1,50,,14966,30,,,1,5,,15043,10,,,1,5,,14967,30,,,1,10,,14968,30,,,1,6,,15044,10,,,1,4,,14969,30,,,1,5,,15045,10,,,1,5,,14970,30,,,1,10,,14971,30,,,1,46,,15046,10,,,1,4,,14972,30,,,1,5,,15047,10,,,1,5,,14973,30,,,1,10,,14974,30,,,1,6,,15048,10,,,1,4,,14975,30,,,1,5,,15049,10,,,1,5,,14976,30,,,1,10,,14977,30,,,1,46,,15050,10,,,1,4,,14978,30,,,1,5,,15051,10,,,1,5,,14979,30,,,1,10,,14980,30,,,1,6,,15052,10,,,1,4,,14981,30,,,1,5,,15053,10,,,1,5,,14982,30,,,1,10,,14983,30,,,1,46,,15054,10,,,1,4,,14984,30,,,1,5,,15055,10,,,1,5,,14985,30,,,1,10,,14986,30,,,1,6,,15056,10,,,1,4,,14987,30,,,1,10,,14988,30,,,1,10,,14989,30,,,1,46,,15057,10,,,1,4,,14990,30,,,1,10,,14991,30,,,1,10,,14992,30,,,1,10,,14993,30,,,1,10,,14994,30,,,1,10,,14995,30,,,1,50,,14996,30,,,1,10,,14997,30,,,1,10,,14998,30,,,1,10,,14999,30,,,1,10,,15000,30,,,1,10,,15001,30,,,1,50,,15002,30,,,1,10,,15003,30,,,1,10,,15004,30,,,1,10,,15005,30,,,1,10,,15006,30,,,1,10,,15007,30,,,1,50,,15008,30,,,1,10,,15009,30,,,1,10,,15010,30,,,1,10,,15011,30,,,1,10,,15012,30,,,1,10,,15013,30,,,1,50,,15014,30,,,1,10,,15015,30,,,1,10,,15016,30,,,1,10,,15017,30,,,1,15,,15019,18,,,1,55,,15020,30,,,1,15,,15021,18,,,1,15,,15022,30,,,1,15,,15023,18,,,1,55,,15024,30,,,1,15,,15025,18,,,1,15,,15026,30,,,1
9901,'2',551,,15149,10,,,1,55,,15148,18,,,1,15,,15146,18,,,1,15,,15147,30,,,1,15,,15144,18,,,1,55,,15145,30,,,1,15,,15142,18,,,1,15,,15143,30,,,1,15,,15140,18,,,1,55,,15141,30,,,1,15,,15138,18,,,1,15,,15139,30,,,1,15,,15136,18,,,1,55,,15137,30,,,1,15,,15134,18,,,1,15,,15135,30,,,1,15,,15132,18,,,1,55,,15133,30,,,1,15,,15130,18,,,1,15,,15131,30,,,1,15,,15128,18,,,1,55,,15129,30,,,1,15,,15126,18,,,1,15,,15127,30,,,1,15,,15124,18,,,1,55,,15125,30,,,1,15,,15122,18,,,1,15,,15123,30,,,1,15,,15120,18,,,1,55,,15121,30,,,1,15,,15118,18,,,1,15,,15119,30,,,1,15,,15116,18,,,1,55,,15117,30,,,1,15,,15114,18,,,1,15,,15115,30,,,1,15,,15150,18,,,1,55,,15113,30,,,1,15,,15111,18,,,1,15,,15151,10,,,1,15,,15109,18,,,1,55,,15110,30,,,1,15,,15107,18,,,1,15,,15108,30,,,1,15,,15105,18,,,1,55,,15106,30,,,1,15,,15103,18,,,1,15,,15104,30,,,1,15,,15101,18,,,1,55,,15102,30,,,1,15,,15099,18,,,1,15,,15100,30,,,1,15,,15097,18,,,1,55,,15098,30,,,1,15,,15095,18,,,1,15,,15096,30,,,1,15,,15093,18,,,1,55,,15094,30,,,1,15,,15091,18,,,1,15,,15092,30,,,1,15,,15089,18,,,1,55,,15090,30,,,1,15,,15087,18,,,1,15,,15088,30,,,1,15,,15085,18,,,1,55,,15086,30,,,1,15,,15083,18,,,1,15,,15084,30,,,1,15,,15081,18,,,1,55,,15082,30,,,1,15,,15079,18,,,1,15,,15080,30,,,1,15,,15077,18,,,1,55,,15078,30,,,1,15,,15075,18,,,1,15,,15076,30,,,1
9901,'3',736,,15152,18,,,1,15,,15153,18,,,1,55,,15154,30,,,1,15,,15155,18,,,1,15,,15156,30,,,1,15,,15157,18,,,1,55,,15158,30,,,1,15,,15159,18,,,1,15,,15160,30,,,1,15,,15161,18,,,1,55,,15162,30,,,1,15,,15163,18,,,1,15,,15164,30,,,1,15,,15165,18,,,1,55,,15166,30,,,1,15,,15167,18,,,1,15,,15168,30,,,1,15,,15169,18,,,1,55,,15170,30,,,1,15,,15171,18,,,1,15,,15172,30,,,1,15,,15173,18,,,1,55,,15174,30,,,1,15,,15175,18,,,1,15,,15176,30,,,1,15,,15177,18,,,1,55,,15178,30,,,1,15,,15179,18,,,1,15,,15180,30,,,1,15,,15181,18,,,1,55,,15182,30,,,1,15,,15183,18,,,1,15,,15184,30,,,1,15,,15185,18,,,1,55,,15186,30,,,1,15,,15187,18,,,1,15,,15188,30,,,1,15,,15189,18,,,1,55,,15190,30,,,1,15,,15191,18,,,1,15,,15192,30,,,1,15,,15193,18,,,1,55,,15194,30,,,1,15,,15195,18,,,1,15,,15196,30,,,1,15,,15197,18,,,1,55,,15198,30,,,1,15,,15199,18,,,1,15,,15200,30,,,1,15,,15201,18,,,1,55,,15202,30,,,1,15,,15203,18,,,1,15,,15204,30,,,1,15,,15205,18,,,1,55,,15206,30,,,1,15,,15207,18,,,1,15,,15208,30,,,1,15,,15209,18,,,1,55,,15210,30,,,1,15,,15211,18,,,1,15,,15212,30,,,1
9901,'7',936,,15214,18,,,1,70,,15215,30,,,1,30,,15216,30,,,1,70,,15217,30,,,1,30,,15218,30,,,1,70,,15219,30,,,1,30,,15220,30,,,1,70,,15221,30,,,1,30,,15222,30,,,1,70,,15223,30,,,1,30,,15224,30,,,1,70,,15225,30,,,1,30,,15226,30,,,1,70,,15227,30,,,1,30,,15228,30,,,1,70,,15229,30,,,1,30,,15230,30,,,1,70,,15231,30,,,1,30,,15232,30,,,1,70,,15233,30,,,1
1000600,'14802',2522,,15293,10,0,24 29,1,20,,15294,10,0,24 29,1,60,,15295,10,0,24 29,1,20,,15296,10,0,24 29,1,20,,15297,10,0,24 29,1
1000600,'7901',2542,,15298,10,0,24 29,1,80,,15299,10,0,24 29,1
1000600,'8001',2522,,15300,10,0,24 29,1,80,,15301,10,0,24 29,1,40,,15302,10,0,24 29,1
1001801,'25201',1519,,15351,4,0,19 20 48,1,100,,15352,4,0,19 20 48,1,100,,15353,4,0,19 20 48,1,100,,15354,4,0,19 20 48,1,100,,15355,4,0,19 20 48,1,100,,15356,4,0,19 20 48,1
1119801,'14802',2531,,15361,18,,,1,70,,15362,18,,,1,30,,15363,18,,,1,70,,15364,18,,,1
1119801,'8001',2531,,15365,18,,,1,70,,15366,18,,,1,30,,15367,18,,,1,70,,15368,18,,,1
21005600,'12701',717,,15569,9,0,14 29,1,20,,15570,9,0,14 29,1,20,,15571,9,0,14 29,1,60,,15572,9,0,14 29,1,20,,15573,9,0,14 29,1,20,,15574,9,0,14 29,1,60,,15575,9,0,14 29,1,20,,15568,9,0,14 29,1,20,,15545,9,0,14 29,1,60,,15567,9,0,14 29,1,20,,15566,9,0,14 29,1,20,,15565,9,0,14 29,1,60,,15564,9,0,14 29,1,20,,15563,9,0,14 29,1,20,,15562,9,0,14 29,1,60,,15561,9,0,14 29,1,20,,15560,9,0,14 29,1,20,,15559,9,0,14 29,1,60,,15558,9,0,14 29,1,20,,15557,9,0,14 29,1,21,,15556,9,0,14 29,1,60,,15555,9,0,14 29,1,20,,15554,9,0,14 29,1,20,,15553,9,0,14 29,1,60,,15552,9,0,14 29,1,20,,15551,9,0,14 29,1,20,,15550,9,0,14 29,1,60,,15549,9,0,14 29,1,20,,15548,9,0,14 29,1,20,,15547,9,0,14 29,1,60,,15546,9,0,14 29,1,20,,15576,9,0,14 29,1,19,,15577,9,0,14 29,1,65,,15578,9,0,14 29,1,30,,15579,9,0,14 29,1,70,,15580,9,0,14 29,1,30,,15581,9,0,14 29,1,70,,15582,9,0,14 29,1,30,,15583,9,0,14 29,1
