100,'1',604,,10189,7,0,24 23,1,30,,10190,7,0,24 23,1,70,,10191,7,0,24 23,1,30,,10192,7,0,24 23,1,70,,10193,7,0,24 23,1,30,,10194,7,0,24 23,1,70,,10195,7,0,24 23,1,30,,10196,7,0,24 23,1,70,,10197,7,0,24 23,1,30,,10198,7,0,24 23,1,70,,10199,7,0,24 23,1,30,,10200,7,0,24 23,1,70,,10201,7,0,24 23,1,30,,10202,7,0,24 23,1,70,,10203,7,0,24 23,1,30,,10204,7,0,24 23,1,70,,10205,7,0,24 23,1,30,,10206,7,0,24 23,1,70,,10207,7,0,24 23,1,30,,10208,7,0,24 23,1,70,,10209,7,0,24 23,1,30,,10210,7,0,24 23,1,70,,10211,7,0,24 23,1,30,,10212,7,0,24 23,1,70,,10213,7,0,24 23,1,30,,10214,7,0,24 23,1,70,,10215,7,0,24 23,1,30,,10216,7,0,24 23,1,70,,10217,7,0,24 23,1,30,,10218,7,0,24 23,1,70,,10219,7,0,24 23,1,30,,10220,7,0,24 23,1,70,,10221,7,0,24 23,1,30,,10222,7,0,24 23,1,70,,10223,7,0,24 23,1,30,,10224,7,0,24 23,1,70,,10225,7,0,24 23,1,30,,10226,7,0,24 23,1
100,'2',604,,10227,7,0,24 23,1,30,,10228,7,0,24 23,1,70,,10229,7,0,24 23,1,30,,10230,7,0,24 23,1,70,,10231,7,0,24 23,1,30,,10232,7,0,24 23,1,70,,10233,7,0,24 23,1,30,,10234,7,0,24 23,1,70,,10235,7,0,24 23,1,30,,10236,7,0,24 23,1,70,,10237,7,0,24 23,1,30,,10238,7,0,24 23,1,70,,10239,7,0,24 23,1,30,,10240,7,0,24 23,1,70,,10241,7,0,24 23,1,30,,10242,7,0,24 23,1,70,,10243,7,0,24 23,1,30,,10244,7,0,24 23,1,70,,10245,7,0,24 23,1,30,,10246,7,0,24 23,1,70,,10247,7,0,24 23,1,30,,10248,7,0,24 23,1,70,,10249,7,0,24 23,1,30,,10250,7,0,24 23,1,70,,10251,7,0,24 23,1,30,,10252,7,0,24 23,1,70,,10253,7,0,24 23,1,30,,10254,7,0,24 23,1,70,,10255,7,0,24 23,1,30,,10256,7,0,24 23,1,70,,10257,7,0,24 23,1,30,,10258,7,0,24 23,1,70,,10259,7,0,24 23,1,30,,10260,7,0,24 23,1,70,,10261,7,0,24 23,1,30,,10262,7,0,24 23,1,70,,10263,7,0,24 23,1,30,,10264,7,0,24 23,1
100,'3',934,,10265,7,0,24 23,1,70,,10266,7,0,24 23,1,30,,10267,7,0,24 23,1,70,,10268,7,0,24 23,1,30,,10269,7,0,24 23,1,70,,10270,7,0,24 23,1,30,,10271,7,0,24 23,1,70,,10272,7,0,24 23,1,30,,10273,7,0,24 23,1,70,,10274,7,0,24 23,1,30,,10275,7,0,24 23,1,70,,10276,7,0,24 23,1,30,,10277,7,0,24 23,1,70,,10278,7,0,24 23,1,30,,10279,7,0,24 23,1,70,,10280,7,0,24 23,1,30,,10281,7,0,24 23,1,70,,10282,7,0,24 23,1,30,,10283,7,0,24 23,1,70,,10284,7,0,24 23,1
9901,'1',554,,14917,7,,,1,50,,14918,15,,,1,10,,14919,15,,,1,10,,14920,27,,,1,10,,14921,27,,,1,10,,14922,27,,,1,10,,14923,27,,,1,50,,14924,27,,,1,10,,14925,27,,,1,10,,14926,27,,,1,6,,15029,7,,,1,4,,14927,27,,,1,10,,14928,27,,,1,10,,14929,27,,,1,46,,15030,7,,,1,4,,14930,27,,,1,10,,14931,27,,,1,10,,14932,27,,,1,6,,15031,7,,,1,4,,14933,27,,,1,10,,14934,27,,,1,10,,14935,27,,,1,46,,15032,7,,,1,4,,14936,27,,,1,10,,14937,27,,,1,10,,14938,27,,,1,6,,15033,7,,,1,4,,14939,27,,,1,10,,14940,27,,,1,10,,14941,27,,,1,46,,15034,7,,,1,4,,14942,27,,,1,10,,14943,27,,,1,10,,14944,27,,,1,6,,15035,7,,,1,4,,14945,27,,,1,5,,15036,7,,,1,5,,14946,27,,,1,10,,14947,27,,,1,50,,14948,27,,,1,5,,15037,7,,,1,5,,14949,27,,,1,10,,14950,27,,,1,10,,14951,27,,,1,5,,15038,7,,,1,5,,14952,27,,,1,10,,14953,27,,,1,50,,14954,27,,,1,5,,15039,7,,,1,5,,14955,27,,,1,10,,14956,27,,,1,10,,14957,27,,,1,5,,15040,7,,,1,5,,14958,27,,,1,10,,14959,27,,,1,50,,14960,27,,,1,5,,15041,7,,,1,5,,14961,27,,,1,10,,14962,27,,,1,10,,14963,27,,,1,5,,15042,7,,,1,5,,14964,27,,,1,10,,14965,27,,,1,50,,14966,27,,,1,5,,15043,7,,,1,5,,14967,27,,,1,10,,14968,27,,,1,6,,15044,7,,,1,4,,14969,27,,,1,5,,15045,7,,,1,5,,14970,27,,,1,10,,14971,27,,,1,46,,15046,7,,,1,4,,14972,27,,,1,5,,15047,7,,,1,5,,14973,27,,,1,10,,14974,27,,,1,6,,15048,7,,,1,4,,14975,27,,,1,5,,15049,7,,,1,5,,14976,27,,,1,10,,14977,27,,,1,46,,15050,7,,,1,4,,14978,27,,,1,5,,15051,7,,,1,5,,14979,27,,,1,10,,14980,27,,,1,6,,15052,7,,,1,4,,14981,27,,,1,5,,15053,7,,,1,5,,14982,27,,,1,10,,14983,27,,,1,46,,15054,7,,,1,4,,14984,27,,,1,5,,15055,7,,,1,5,,14985,27,,,1,10,,14986,27,,,1,6,,15056,7,,,1,4,,14987,27,,,1,10,,14988,27,,,1,10,,14989,27,,,1,46,,15057,7,,,1,4,,14990,27,,,1,10,,14991,27,,,1,10,,14992,27,,,1,10,,14993,27,,,1,10,,14994,27,,,1,10,,14995,27,,,1,50,,14996,27,,,1,10,,14997,27,,,1,10,,14998,27,,,1,10,,14999,27,,,1,10,,15000,27,,,1,10,,15001,27,,,1,50,,15002,27,,,1,10,,15003,27,,,1,10,,15004,27,,,1,10,,15005,27,,,1,10,,15006,27,,,1,10,,15007,27,,,1,50,,15008,27,,,1,10,,15009,27,,,1,10,,15010,27,,,1,10,,15011,27,,,1,10,,15012,27,,,1,10,,15013,27,,,1,50,,15014,27,,,1,10,,15015,27,,,1,10,,15016,27,,,1,10,,15017,27,,,1,15,,15019,15,,,1,55,,15020,27,,,1,15,,15021,15,,,1,15,,15022,27,,,1,15,,15023,15,,,1,55,,15024,27,,,1,15,,15025,15,,,1,15,,15026,27,,,1
9901,'2',549,,15149,7,,,1,55,,15148,15,,,1,15,,15146,15,,,1,15,,15147,27,,,1,15,,15144,15,,,1,55,,15145,27,,,1,15,,15142,15,,,1,15,,15143,27,,,1,15,,15140,15,,,1,55,,15141,27,,,1,15,,15138,15,,,1,15,,15139,27,,,1,15,,15136,15,,,1,55,,15137,27,,,1,15,,15134,15,,,1,15,,15135,27,,,1,15,,15132,15,,,1,55,,15133,27,,,1,15,,15130,15,,,1,15,,15131,27,,,1,15,,15128,15,,,1,55,,15129,27,,,1,15,,15126,15,,,1,15,,15127,27,,,1,15,,15124,15,,,1,55,,15125,27,,,1,15,,15122,15,,,1,15,,15123,27,,,1,15,,15120,15,,,1,55,,15121,27,,,1,15,,15118,15,,,1,15,,15119,27,,,1,15,,15116,15,,,1,55,,15117,27,,,1,15,,15114,15,,,1,15,,15115,27,,,1,15,,15150,15,,,1,55,,15113,27,,,1,15,,15111,15,,,1,15,,15151,7,,,1,15,,15109,15,,,1,55,,15110,27,,,1,15,,15107,15,,,1,15,,15108,27,,,1,15,,15105,15,,,1,55,,15106,27,,,1,15,,15103,15,,,1,15,,15104,27,,,1,15,,15101,15,,,1,55,,15102,27,,,1,15,,15099,15,,,1,15,,15100,27,,,1,15,,15097,15,,,1,55,,15098,27,,,1,15,,15095,15,,,1,15,,15096,27,,,1,15,,15093,15,,,1,55,,15094,27,,,1,15,,15091,15,,,1,15,,15092,27,,,1,15,,15089,15,,,1,55,,15090,27,,,1,15,,15087,15,,,1,15,,15088,27,,,1,15,,15085,15,,,1,55,,15086,27,,,1,15,,15083,15,,,1,15,,15084,27,,,1,15,,15081,15,,,1,55,,15082,27,,,1,15,,15079,15,,,1,15,,15080,27,,,1,15,,15077,15,,,1,55,,15078,27,,,1,15,,15075,15,,,1,15,,15076,27,,,1
9901,'3',734,,15152,15,,,1,15,,15153,15,,,1,55,,15154,27,,,1,15,,15155,15,,,1,15,,15156,27,,,1,15,,15157,15,,,1,55,,15158,27,,,1,15,,15159,15,,,1,15,,15160,27,,,1,15,,15161,15,,,1,55,,15162,27,,,1,15,,15163,15,,,1,15,,15164,27,,,1,15,,15165,15,,,1,55,,15166,27,,,1,15,,15167,15,,,1,15,,15168,27,,,1,15,,15169,15,,,1,55,,15170,27,,,1,15,,15171,15,,,1,15,,15172,27,,,1,15,,15173,15,,,1,55,,15174,27,,,1,15,,15175,15,,,1,15,,15176,27,,,1,15,,15177,15,,,1,55,,15178,27,,,1,15,,15179,15,,,1,15,,15180,27,,,1,15,,15181,15,,,1,55,,15182,27,,,1,15,,15183,15,,,1,15,,15184,27,,,1,15,,15185,15,,,1,55,,15186,27,,,1,15,,15187,15,,,1,15,,15188,27,,,1,15,,15189,15,,,1,55,,15190,27,,,1,15,,15191,15,,,1,15,,15192,27,,,1,15,,15193,15,,,1,55,,15194,27,,,1,15,,15195,15,,,1,15,,15196,27,,,1,15,,15197,15,,,1,55,,15198,27,,,1,15,,15199,15,,,1,15,,15200,27,,,1,15,,15201,15,,,1,55,,15202,27,,,1,15,,15203,15,,,1,15,,15204,27,,,1,15,,15205,15,,,1,55,,15206,27,,,1,15,,15207,15,,,1,15,,15208,27,,,1,15,,15209,15,,,1,55,,15210,27,,,1,15,,15211,15,,,1,15,,15212,27,,,1
9901,'7',934,,15214,15,,,1,70,,15215,27,,,1,30,,15216,27,,,1,70,,15217,27,,,1,30,,15218,27,,,1,70,,15219,27,,,1,30,,15220,27,,,1,70,,15221,27,,,1,30,,15222,27,,,1,70,,15223,27,,,1,30,,15224,27,,,1,70,,15225,27,,,1,30,,15226,27,,,1,70,,15227,27,,,1,30,,15228,27,,,1,70,,15229,27,,,1,30,,15230,27,,,1,70,,15231,27,,,1,30,,15232,27,,,1,70,,15233,27,,,1
1000800,'3403',1820,,15333,7,,,1,35,,15334,7,,,1,75,,15335,7,,,1,75,,15336,7,,,1,35,,15337,7,,,1,75,,15338,7,,,1,35,,15339,7,,,1,75,,15340,7,,,1,75,,15341,7,,,1,35,,15342,7,,,1,75,,15343,7,,,1,35,,15344,7,,,1
1119801,'14802',2529,,15361,15,,,1,30,,15362,15,,,1,70,,15363,15,,,1,30,,15364,15,,,1
1119801,'8001',2529,,15365,15,,,1,30,,15366,15,,,1,70,,15367,15,,,1,30,,15368,15,,,1
21005600,'12701',715,,15569,6,0,14 29,1,20,,15570,6,0,14 29,1,20,,15571,6,0,14 29,1,60,,15572,6,0,14 29,1,20,,15573,6,0,14 29,1,20,,15574,6,0,14 29,1,60,,15575,6,0,14 29,1,20,,15568,6,0,14 29,1,20,,15545,6,0,14 29,1,60,,15567,6,0,14 29,1,20,,15566,6,0,14 29,1,20,,15565,6,0,14 29,1,60,,15564,6,0,14 29,1,20,,15563,6,0,14 29,1,20,,15562,6,0,14 29,1,60,,15561,6,0,14 29,1,20,,15560,6,0,14 29,1,20,,15559,6,0,14 29,1,60,,15558,6,0,14 29,1,20,,15557,6,0,14 29,1,21,,15556,6,0,14 29,1,60,,15555,6,0,14 29,1,20,,15554,6,0,14 29,1,20,,15553,6,0,14 29,1,60,,15552,6,0,14 29,1,20,,15551,6,0,14 29,1,20,,15550,6,0,14 29,1,60,,15549,6,0,14 29,1,20,,15548,6,0,14 29,1,20,,15547,6,0,14 29,1,60,,15546,6,0,14 29,1,20,,15576,6,0,14 29,1,19,,15577,6,0,14 29,1,65,,15578,6,0,14 29,1,30,,15579,6,0,14 29,1,70,,15580,6,0,14 29,1,30,,15581,6,0,14 29,1,70,,15582,6,0,14 29,1,30,,15583,6,0,14 29,1
