1600,'1',545,,13321,1,0,12,1,70,,13322,2,0,12,1,30,,13323,2,0,12,1,70,,13324,2,0,12,1,30,,13325,2,0,12,1,70,,13326,2,0,12,1,30,,13327,2,0,12,1,70,,13328,2,0,12,1,30,,13329,2,0,12,1,70,,13330,2,0,12,1,30,,13331,2,0,12,1,70,,13332,2,0,12,1,30,,13333,2,0,12,1,70,,13334,2,0,12,1,30,,13335,2,0,12,1,70,,13336,2,0,12,1,30,,13337,2,0,12,1,70,,13338,2,0,12,1,30,,13339,2,0,12,1,70,,13340,2,0,12,1,30,,13341,2,0,12,1,70,,13342,2,0,12,1,30,,13343,2,0,12,1,70,,13344,2,0,12,1,30,,13345,2,0,12,1,70,,13346,2,0,12,1,30,,13347,2,0,12,1,70,,13348,2,0,12,1,30,,13349,2,0,12,1,70,,13350,2,0,12,1,30,,13351,2,0,12,1,70,,13352,2,0,12,1,30,,13353,2,0,12,1,70,,13354,2,0,12,1,30,,13355,2,0,12,1,70,,13356,2,0,12,1,30,,13357,2,0,12,1,70,,13358,2,0,12,1
1600,'2',545,,13359,1,0,12,1,70,,13360,2,0,12,1,30,,13361,2,0,12,1,70,,13362,2,0,12,1,30,,13363,2,0,12,1,70,,13364,2,0,12,1,30,,13365,2,0,12,1,70,,13366,2,0,12,1,30,,13367,2,0,12,1,70,,13368,2,0,12,1,30,,13369,2,0,12,1,70,,13370,2,0,12,1,30,,13371,2,0,12,1,70,,13372,2,0,12,1,30,,13373,2,0,12,1,70,,13374,2,0,12,1,30,,13375,2,0,12,1,70,,13376,2,0,12,1,30,,13377,2,0,12,1,70,,13378,2,0,12,1,30,,13379,2,0,12,1,70,,13380,2,0,12,1,30,,13381,2,0,12,1,70,,13382,2,0,12,1,30,,13383,2,0,12,1,70,,13384,2,0,12,1,30,,13385,2,0,12,1,70,,13386,2,0,12,1,30,,13387,2,0,12,1,70,,13388,2,0,12,1,30,,13389,2,0,12,1,70,,13390,2,0,12,1,30,,13391,2,0,12,1,70,,13392,2,0,12,1,30,,13393,2,0,12,1,70,,13394,2,0,12,1,30,,13395,2,0,12,1,70,,13396,2,0,12,1
1600,'3',915,,13397,1,0,12,1,30,,13398,2,0,12,1,70,,13399,2,0,12,1,30,,13400,2,0,12,1,70,,13401,2,0,12,1,30,,13402,2,0,12,1,70,,13403,2,0,12,1,30,,13404,2,0,12,1,70,,13405,2,0,12,1,30,,13406,2,0,12,1,70,,13407,2,0,12,1,30,,13408,2,0,12,1,70,,13409,2,0,12,1,30,,13410,2,0,12,1,70,,13411,2,0,12,1,30,,13412,2,0,12,1,70,,13413,2,0,12,1,30,,13414,2,0,12,1,70,,13415,2,0,12,1,30,,13416,2,0,12,1
1900,'1',545,,13910,1,0,9 37,1,70,,13911,2,0,9 37,1,30,,13912,2,0,9 37,1,70,,13913,2,0,9 37,1,30,,13914,2,0,9 37,1,70,,13915,2,0,9 37,1,30,,13916,2,0,9 37,1,70,,13917,2,0,9 37,1,30,,13918,2,0,9 37,1,70,,13919,2,0,9 37,1,30,,13920,2,0,9 37,1,70,,13921,2,0,9 37,1,30,,13922,2,0,9 37,1,70,,13923,2,0,9 37,1,30,,13924,2,0,9 37,1,70,,13925,2,0,9 37,1,30,,13926,2,0,9 37,1,70,,13927,2,0,9 37,1,30,,13928,2,0,9 37,1,70,,13929,2,0,9 37,1,30,,13930,2,0,9 37,1,70,,13931,2,0,9 37,1,30,,13932,2,0,9 37,1,70,,13933,2,0,9 37,1,30,,13934,2,0,9 37,1,70,,13935,2,0,9 37,1,30,,13936,2,0,9 37,1,70,,13937,2,0,9 37,1,30,,13938,2,0,9 37,1,70,,13939,2,0,9 37,1,30,,13940,2,0,9 37,1,70,,13941,2,0,9 37,1,30,,13942,2,0,9 37,1,70,,13943,2,0,9 37,1,30,,13944,2,0,9 37,1,70,,13945,2,0,9 37,1,30,,13946,2,0,9 37,1,70,,13947,2,0,9 37,1
1900,'2',545,,13948,1,0,9 37,1,70,,13949,2,0,9 37,1,30,,13950,2,0,9 37,1,70,,13951,2,0,9 37,1,30,,13952,2,0,9 37,1,70,,13953,2,0,9 37,1,30,,13954,2,0,9 37,1,70,,13955,2,0,9 37,1,30,,13956,2,0,9 37,1,70,,13957,2,0,9 37,1,30,,13958,2,0,9 37,1,70,,13959,2,0,9 37,1,30,,13960,2,0,9 37,1,70,,13961,2,0,9 37,1,30,,13962,2,0,9 37,1,70,,13963,2,0,9 37,1,30,,13964,2,0,9 37,1,70,,13965,2,0,9 37,1,30,,13966,2,0,9 37,1,70,,13967,2,0,9 37,1,30,,13968,2,0,9 37,1,70,,13969,2,0,9 37,1,30,,13970,2,0,9 37,1,70,,13971,2,0,9 37,1,30,,13972,2,0,9 37,1,70,,13973,2,0,9 37,1,30,,13974,2,0,9 37,1,70,,13975,2,0,9 37,1,30,,13976,2,0,9 37,1,70,,13977,2,0,9 37,1,30,,13978,2,0,9 37,1,70,,13979,2,0,9 37,1,30,,13980,2,0,9 37,1,70,,13981,2,0,9 37,1,30,,13982,2,0,9 37,1,70,,13983,2,0,9 37,1,30,,13984,2,0,9 37,1,70,,13985,2,0,9 37,1
1900,'3',915,,13986,1,0,9 37,1,30,,13987,2,0,9 37,1,70,,13988,2,0,9 37,1,30,,13989,2,0,9 37,1,70,,13990,2,0,9 37,1,30,,13991,2,0,9 37,1,70,,13992,2,0,9 37,1,30,,13993,2,0,9 37,1,70,,13994,2,0,9 37,1,30,,13995,2,0,9 37,1,70,,13996,2,0,9 37,1,30,,13997,2,0,9 37,1,70,,13998,2,0,9 37,1,30,,13999,2,0,9 37,1,70,,14000,2,0,9 37,1,30,,14001,2,0,9 37,1,70,,14002,2,0,9 37,1,30,,14003,2,0,9 37,1,70,,14004,2,0,9 37,1,30,,14005,2,0,9 37,1
9901,'1',601,,14917,15,4,,1,10,,14918,23,4,,1,10,,14919,23,4,,1,10,,14920,35,4,,1,10,,14921,35,4,,1,10,,14922,35,4,,1,50,,14923,35,4,,1,10,,14924,35,4,,1,10,,14925,35,4,,1,10,,14926,35,4,,1,6,,15029,15,4,,1,4,,14927,35,4,,1,10,,14928,35,4,,1,50,,14929,35,4,,1,6,,15030,15,4,,1,4,,14930,35,4,,1,10,,14931,35,4,,1,10,,14932,35,4,,1,6,,15031,15,4,,1,4,,14933,35,4,,1,10,,14934,35,4,,1,50,,14935,35,4,,1,6,,15032,15,4,,1,4,,14936,35,4,,1,10,,14937,35,4,,1,10,,14938,35,4,,1,6,,15033,15,4,,1,4,,14939,35,4,,1,10,,14940,35,4,,1,50,,14941,35,4,,1,6,,15034,15,4,,1,4,,14942,35,4,,1,10,,14943,35,4,,1,10,,14944,35,4,,1,6,,15035,15,4,,1,4,,14945,35,4,,1,5,,15036,15,4,,1,5,,14946,35,4,,1,50,,14947,35,4,,1,10,,14948,35,4,,1,5,,15037,15,4,,1,5,,14949,35,4,,1,10,,14950,35,4,,1,10,,14951,35,4,,1,5,,15038,15,4,,1,5,,14952,35,4,,1,50,,14953,35,4,,1,10,,14954,35,4,,1,5,,15039,15,4,,1,5,,14955,35,4,,1,10,,14956,35,4,,1,10,,14957,35,4,,1,5,,15040,15,4,,1,5,,14958,35,4,,1,50,,14959,35,4,,1,10,,14960,35,4,,1,5,,15041,15,4,,1,5,,14961,35,4,,1,10,,14962,35,4,,1,10,,14963,35,4,,1,5,,15042,15,4,,1,5,,14964,35,4,,1,50,,14965,35,4,,1,10,,14966,35,4,,1,5,,15043,15,4,,1,5,,14967,35,4,,1,10,,14968,35,4,,1,6,,15044,15,4,,1,4,,14969,35,4,,1,5,,15045,15,4,,1,5,,14970,35,4,,1,50,,14971,35,4,,1,6,,15046,15,4,,1,4,,14972,35,4,,1,5,,15047,15,4,,1,5,,14973,35,4,,1,10,,14974,35,4,,1,6,,15048,15,4,,1,4,,14975,35,4,,1,5,,15049,15,4,,1,5,,14976,35,4,,1,50,,14977,35,4,,1,6,,15050,15,4,,1,4,,14978,35,4,,1,5,,15051,15,4,,1,5,,14979,35,4,,1,10,,14980,35,4,,1,6,,15052,15,4,,1,4,,14981,35,4,,1,5,,15053,15,4,,1,5,,14982,35,4,,1,50,,14983,35,4,,1,6,,15054,15,4,,1,4,,14984,35,4,,1,5,,15055,15,4,,1,5,,14985,35,4,,1,10,,14986,35,4,,1,6,,15056,15,4,,1,4,,14987,35,4,,1,10,,14988,35,4,,1,50,,14989,35,4,,1,6,,15057,15,4,,1,4,,14990,35,4,,1,10,,14991,35,4,,1,10,,14992,35,4,,1,10,,14993,35,4,,1,10,,14994,35,4,,1,50,,14995,35,4,,1,10,,14996,35,4,,1,10,,14997,35,4,,1,10,,14998,35,4,,1,10,,14999,35,4,,1,10,,15000,35,4,,1,50,,15001,35,4,,1,10,,15002,35,4,,1,10,,15003,35,4,,1,10,,15004,35,4,,1,10,,15005,35,4,,1,10,,15006,35,4,,1,50,,15007,35,4,,1,10,,15008,35,4,,1,10,,15009,35,4,,1,10,,15010,35,4,,1,10,,15011,35,4,,1,10,,15012,35,4,,1,50,,15013,35,4,,1,10,,15014,35,4,,1,10,,15015,35,4,,1,10,,15016,35,4,,1,10,,15017,35,4,,1,15,,15019,23,4,,1,55,,15020,35,4,,1,15,,15021,23,4,,1,15,,15022,35,4,,1,15,,15023,23,4,,1,55,,15024,35,4,,1,15,,15025,23,4,,1,15,,15026,35,4,,1
9901,'2',557,,15149,15,4,,1,55,,15148,23,4,,1,15,,15146,23,4,,1,15,,15147,35,4,,1,15,,15144,23,4,,1,55,,15145,35,4,,1,15,,15142,23,4,,1,15,,15143,35,4,,1,15,,15140,23,4,,1,55,,15141,35,4,,1,15,,15138,23,4,,1,15,,15139,35,4,,1,15,,15136,23,4,,1,55,,15137,35,4,,1,15,,15134,23,4,,1,15,,15135,35,4,,1,15,,15132,23,4,,1,55,,15133,35,4,,1,15,,15130,23,4,,1,15,,15131,35,4,,1,15,,15128,23,4,,1,55,,15129,35,4,,1,15,,15126,23,4,,1,15,,15127,35,4,,1,15,,15124,23,4,,1,55,,15125,35,4,,1,15,,15122,23,4,,1,15,,15123,35,4,,1,15,,15120,23,4,,1,55,,15121,35,4,,1,15,,15118,23,4,,1,15,,15119,35,4,,1,15,,15116,23,4,,1,55,,15117,35,4,,1,15,,15114,23,4,,1,15,,15115,35,4,,1,15,,15150,23,4,,1,55,,15113,35,4,,1,15,,15111,23,4,,1,15,,15151,15,4,,1,15,,15109,23,4,,1,55,,15110,35,4,,1,15,,15107,23,4,,1,15,,15108,35,4,,1,15,,15105,23,4,,1,55,,15106,35,4,,1,15,,15103,23,4,,1,15,,15104,35,4,,1,15,,15101,23,4,,1,55,,15102,35,4,,1,15,,15099,23,4,,1,15,,15100,35,4,,1,15,,15097,23,4,,1,55,,15098,35,4,,1,15,,15095,23,4,,1,15,,15096,35,4,,1,15,,15093,23,4,,1,55,,15094,35,4,,1,15,,15091,23,4,,1,15,,15092,35,4,,1,15,,15089,23,4,,1,55,,15090,35,4,,1,15,,15087,23,4,,1,15,,15088,35,4,,1,15,,15085,23,4,,1,55,,15086,35,4,,1,15,,15083,23,4,,1,15,,15084,35,4,,1,15,,15081,23,4,,1,55,,15082,35,4,,1,15,,15079,23,4,,1,15,,15080,35,4,,1,15,,15077,23,4,,1,55,,15078,35,4,,1,15,,15075,23,4,,1,15,,15076,35,4,,1
9901,'3',742,,15152,23,4,,1,15,,15153,23,4,,1,55,,15154,35,4,,1,15,,15155,23,4,,1,15,,15156,35,4,,1,15,,15157,23,4,,1,55,,15158,35,4,,1,15,,15159,23,4,,1,15,,15160,35,4,,1,15,,15161,23,4,,1,55,,15162,35,4,,1,15,,15163,23,4,,1,15,,15164,35,4,,1,15,,15165,23,4,,1,55,,15166,35,4,,1,15,,15167,23,4,,1,15,,15168,35,4,,1,15,,15169,23,4,,1,55,,15170,35,4,,1,15,,15171,23,4,,1,15,,15172,35,4,,1,15,,15173,23,4,,1,55,,15174,35,4,,1,15,,15175,23,4,,1,15,,15176,35,4,,1,15,,15177,23,4,,1,55,,15178,35,4,,1,15,,15179,23,4,,1,15,,15180,35,4,,1,15,,15181,23,4,,1,55,,15182,35,4,,1,15,,15183,23,4,,1,15,,15184,35,4,,1,15,,15185,23,4,,1,55,,15186,35,4,,1,15,,15187,23,4,,1,15,,15188,35,4,,1,15,,15189,23,4,,1,55,,15190,35,4,,1,15,,15191,23,4,,1,15,,15192,35,4,,1,15,,15193,23,4,,1,55,,15194,35,4,,1,15,,15195,23,4,,1,15,,15196,35,4,,1,15,,15197,23,4,,1,55,,15198,35,4,,1,15,,15199,23,4,,1,15,,15200,35,4,,1,15,,15201,23,4,,1,55,,15202,35,4,,1,15,,15203,23,4,,1,15,,15204,35,4,,1,15,,15205,23,4,,1,55,,15206,35,4,,1,15,,15207,23,4,,1,15,,15208,35,4,,1,15,,15209,23,4,,1,55,,15210,35,4,,1,15,,15211,23,4,,1,15,,15212,35,4,,1
9901,'7',942,,15214,23,4,,1,70,,15215,35,4,,1,30,,15216,35,4,,1,70,,15217,35,4,,1,30,,15218,35,4,,1,70,,15219,35,4,,1,30,,15220,35,4,,1,70,,15221,35,4,,1,30,,15222,35,4,,1,70,,15223,35,4,,1,30,,15224,35,4,,1,70,,15225,35,4,,1,30,,15226,35,4,,1,70,,15227,35,4,,1,30,,15228,35,4,,1,70,,15229,35,4,,1,30,,15230,35,4,,1,70,,15231,35,4,,1,30,,15232,35,4,,1,70,,15233,35,4,,1
