1700,'1',558,,13514,13,4,,1,69,,13515,41,4,,1,73,,13516,41,4,,1,30,,13517,41,4,,1,25,,13513,41,4,,1,45,,13518,41,4,,1,30,,13519,41,4,,1,70,,13520,41,4,,1,25,,13521,41,4,,1,30,,13522,41,4,,1,70,,13523,41,4,,1,30,,13524,41,4,,1,70,,13525,41,4,,1,75,,13526,41,4,,1,30,,13527,41,4,,1,70,,13528,41,4,,1,30,,13529,41,4,,1,70,,13530,41,4,,1,35,,13531,41,4,,1,70,,13532,41,4,,1,30,,13533,41,4,,1,70,,13534,41,4,,1,25,,13535,41,4,,1,70,,13536,41,4,,1,30,,13537,41,4,,1,70,,13538,41,4,,1,30,,13539,41,4,,1,70,,13540,41,4,,1,30,,13541,41,4,,1,70,,13542,41,4,,1,30,,13543,41,4,,1,70,,13544,41,4,,1,30,,13545,41,4,,1,70,,13546,41,4,,1,30,,13547,41,4,,1,70,,13548,41,4,,1,26,,13549,41,4,,1,30,,13550,41,4,,1,70,,13551,41,4,,1
1700,'2',552,,13591,13,4,,1,72,,13590,41,4,,1,30,,13589,41,4,,1,70,,13588,41,4,,1,33,,13587,41,4,,1,70,,13586,41,4,,1,30,,13585,41,4,,1,70,,13584,41,4,,1,30,,13583,41,4,,1,70,,13582,41,4,,1,31,,13581,41,4,,1,70,,13580,41,4,,1,30,,13579,41,4,,1,70,,13578,41,4,,1,30,,13577,41,4,,1,70,,13576,41,4,,1,30,,13575,41,4,,1,74,,13574,41,4,,1,70,,13573,41,4,,1,30,,13572,41,4,,1,70,,13571,41,4,,1,30,,13570,41,4,,1,70,,13569,41,4,,1,33,,13568,41,4,,1,70,,13567,41,4,,1,30,,13566,41,4,,1,70,,13565,41,4,,1,24,,13564,41,4,,1,30,,13563,41,4,,1,70,,13562,41,4,,1,30,,13561,41,4,,1,70,,13560,41,4,,1,30,,13559,41,4,,1,70,,13558,41,4,,1,30,,13557,41,4,,1,66,,13556,41,4,,1,30,,13555,41,4,,1,70,,13554,41,4,,1
1700,'3',954,,13592,13,4,,1,69,,13593,41,4,,1,30,,13594,41,4,,1,70,,13595,41,4,,1,30,,13596,41,4,,1,70,,13597,41,4,,1,32,,13598,41,4,,1,70,,13599,41,4,,1,30,,13600,41,4,,1,70,,13601,41,4,,1,30,,13602,41,4,,1,70,,13603,41,4,,1,30,,13604,41,4,,1,70,,13605,41,4,,1,27,,13606,41,4,,1,70,,13607,41,4,,1,30,,13608,41,4,,1,70,,13609,41,4,,1,30,,13610,41,4,,1
1701,'1',600,,13613,1,0,25 26,1,29,,13614,1,0,25 26,1,73,,13615,1,0,25 26,1,30,,13616,1,0,25 26,1,70,,13617,1,0,25 26,1,30,,13618,1,0,25 26,1,70,,13619,1,0,25 26,1,26,,13620,1,0,25 26,1,30,,13621,1,0,25 26,1,70,,13622,1,0,25 26,1,30,,13623,1,0,25 26,1,70,,13624,1,0,25 26,1,75,,13625,1,0,25 26,1,30,,13626,1,0,25 26,1,70,,13627,1,0,25 26,1,30,,13628,1,0,25 26,1,70,,13629,1,0,25 26,1,35,,13630,1,0,25 26,1,70,,13631,1,0,25 26,1,30,,13632,1,0,25 26,1,70,,13633,1,0,25 26,1,26,,13634,1,0,25 26,1,70,,13635,1,0,25 26,1,30,,13636,1,0,25 26,1,70,,13637,1,0,25 26,1,30,,13638,1,0,25 26,1,70,,13639,1,0,25 26,1,28,,13640,1,0,25 26,1,70,,13641,1,0,25 26,1,30,,13642,1,0,25 26,1,70,,13643,1,0,25 26,1,30,,13644,1,0,25 26,1,70,,13645,1,0,25 26,1,30,,13646,1,0,25 26,1,70,,13647,1,0,25 26,1,27,,13648,1,0,25 26,1,30,,13649,1,0,25 26,1,70,,13650,1,0,25 26,1
1701,'2',558,,13652,1,0,25 26,1,72,,13653,1,0,25 26,1,70,,13654,1,0,25 26,1,30,,13655,1,0,25 26,1,71,,13656,1,0,25 26,1,30,,13657,1,0,25 26,1,70,,13658,1,0,25 26,1,30,,13659,1,0,25 26,1,70,,13660,1,0,25 26,1,30,,13661,1,0,25 26,1,72,,13662,1,0,25 26,1,30,,13663,1,0,25 26,1,70,,13664,1,0,25 26,1,30,,13665,1,0,25 26,1,70,,13666,1,0,25 26,1,30,,13667,1,0,25 26,1,70,,13668,1,0,25 26,1,34,,13669,1,0,25 26,1,70,,13670,1,0,25 26,1,30,,13671,1,0,25 26,1,70,,13672,1,0,25 26,1,30,,13673,1,0,25 26,1,70,,13674,1,0,25 26,1,33,,13675,1,0,25 26,1,70,,13676,1,0,25 26,1,30,,13677,1,0,25 26,1,70,,13678,1,0,25 26,1,29,,13679,1,0,25 26,1,70,,13680,1,0,25 26,1,30,,13681,1,0,25 26,1,70,,13682,1,0,25 26,1,30,,13683,1,0,25 26,1,70,,13684,1,0,25 26,1,30,,13685,1,0,25 26,1,70,,13686,1,0,25 26,1,19,,13687,1,0,25 26,1,30,,13688,1,0,25 26,1,70,,13689,1,0,25 26,1
1701,'3',1004,,13691,1,0,25 26,1,29,,13692,1,0,25 26,1,70,,13693,1,0,25 26,1,30,,13694,1,0,25 26,1,70,,13695,1,0,25 26,1,30,,13696,1,0,25 26,1,72,,13697,1,0,25 26,1,30,,13698,1,0,25 26,1,70,,13699,1,0,25 26,1,30,,13700,1,0,25 26,1,70,,13701,1,0,25 26,1,30,,13702,1,0,25 26,1,70,,13703,1,0,25 26,1,30,,13704,1,0,25 26,1,67,,13705,1,0,25 26,1,30,,13706,1,0,25 26,1,70,,13707,1,0,25 26,1,30,,13708,1,0,25 26,1,70,,13709,1,0,25 26,1
1800,'1',556,,13710,21,4,,1,67,,13711,21,4,,1,4,,13712,30,4,,1,30,,13713,30,4,,1,71,,13714,30,4,,1,30,,13715,30,4,,1,70,,13716,30,4,,1,30,,13717,30,4,,1,70,,13718,30,4,,1,30,,13719,30,4,,1,70,,13720,30,4,,1,30,,13721,30,4,,1,70,,13722,30,4,,1,30,,13723,30,4,,1,70,,13724,30,4,,1,30,,13725,30,4,,1,70,,13726,30,4,,1,30,,13727,30,4,,1,72,,13728,30,4,,1,70,,13729,30,4,,1,30,,13730,30,4,,1,70,,13731,30,4,,1,30,,13732,30,4,,1,70,,13733,30,4,,1,30,,13734,30,4,,1,70,,13735,30,4,,1,28,,13736,30,4,,1,30,,13737,30,4,,1,70,,13738,30,4,,1,30,,13739,30,4,,1,70,,13740,30,4,,1,30,,13741,30,4,,1,70,,13742,30,4,,1,30,,13743,30,4,,1,70,,13744,30,4,,1,30,,13745,30,4,,1,70,,13746,30,4,,1,30,,13747,30,4,,1,70,,13748,30,4,,1
1800,'2',557,,13750,21,4,,1,70,,13751,30,4,,1,30,,13752,30,4,,1,70,,13753,30,4,,1,30,,13754,30,4,,1,70,,13755,30,4,,1,30,,13756,30,4,,1,70,,13757,30,4,,1,30,,13758,30,4,,1,72,,13759,30,4,,1,30,,13760,30,4,,1,70,,13761,30,4,,1,30,,13762,30,4,,1,70,,13763,30,4,,1,30,,13764,30,4,,1,70,,13765,30,4,,1,30,,13766,30,4,,1,70,,13767,30,4,,1,30,,13768,30,4,,1,70,,13769,30,4,,1,30,,13770,30,4,,1,70,,13771,30,4,,1,30,,13772,30,4,,1,70,,13773,30,4,,1,30,,13774,30,4,,1,68,,13775,30,4,,1,30,,13776,30,4,,1,70,,13777,30,4,,1,30,,13778,30,4,,1,70,,13779,30,4,,1,30,,13780,30,4,,1,70,,13781,30,4,,1,30,,13782,30,4,,1,70,,13783,30,4,,1,30,,13784,30,4,,1,70,,13785,30,4,,1,30,,13786,30,4,,1,70,,13787,30,4,,1
1800,'3',926,,13789,21,4,,1,32,,13790,30,4,,1,70,,13791,30,4,,1,30,,13792,30,4,,1,70,,13793,30,4,,1,30,,13794,30,4,,1,70,,13795,30,4,,1,30,,13796,30,4,,1,70,,13797,30,4,,1,30,,13798,30,4,,1,70,,13799,30,4,,1,30,,13800,30,4,,1,70,,13801,30,4,,1,30,,13802,30,4,,1,70,,13803,30,4,,1,30,,13804,30,4,,1,70,,13805,30,4,,1,30,,13806,30,4,,1,70,,13807,30,4,,1,30,,13808,30,4,,1
1801,'1',600,,13811,1,0,26 25,1,27,,13812,1,0,26 25,1,3,,13813,1,0,26 25,1,70,,13814,1,0,26 25,1,29,,13815,1,0,26 25,1,30,,13816,1,0,26 25,1,70,,13817,1,0,26 25,1,30,,13818,1,0,26 25,1,70,,13819,1,0,26 25,1,30,,13820,1,0,26 25,1,72,,13821,1,0,26 25,1,70,,13822,1,0,26 25,1,30,,13823,1,0,26 25,1,70,,13824,1,0,26 25,1,30,,13825,1,0,26 25,1,70,,13826,1,0,26 25,1,30,,13827,1,0,26 25,1,70,,13828,1,0,26 25,1,30,,13829,1,0,26 25,1,70,,13830,1,0,26 25,1,30,,13831,1,0,26 25,1,70,,13832,1,0,26 25,1,30,,13833,1,0,26 25,1,70,,13834,1,0,26 25,1,30,,13835,1,0,26 25,1,70,,13836,1,0,26 25,1,29,,13837,1,0,26 25,1,70,,13838,1,0,26 25,1,30,,13839,1,0,26 25,1,70,,13840,1,0,26 25,1,30,,13841,1,0,26 25,1,70,,13842,1,0,26 25,1,30,,13843,1,0,26 25,1,70,,13844,1,0,26 25,1,30,,13845,1,0,26 25,1,70,,13846,1,0,26 25,1,30,,13847,1,0,26 25,1,29,,13848,1,0,26 25,1,71,,13849,1,0,26 25,1
1801,'2',600,,13851,1,0,26 25,1,30,,13852,1,0,26 25,1,70,,13853,1,0,26 25,1,29,,13854,1,0,26 25,1,30,,13855,1,0,26 25,1,70,,13856,1,0,26 25,1,30,,13857,1,0,26 25,1,70,,13858,1,0,26 25,1,30,,13859,1,0,26 25,1,71,,13860,1,0,26 25,1,70,,13861,1,0,26 25,1,30,,13862,1,0,26 25,1,70,,13863,1,0,26 25,1,30,,13864,1,0,26 25,1,70,,13865,1,0,26 25,1,30,,13866,1,0,26 25,1,70,,13867,1,0,26 25,1,30,,13868,1,0,26 25,1,70,,13869,1,0,26 25,1,30,,13870,1,0,26 25,1,70,,13871,1,0,26 25,1,30,,13872,1,0,26 25,1,70,,13873,1,0,26 25,1,30,,13874,1,0,26 25,1,70,,13875,1,0,26 25,1,30,,13876,1,0,26 25,1,70,,13877,1,0,26 25,1,30,,13878,1,0,26 25,1,70,,13879,1,0,26 25,1,30,,13880,1,0,26 25,1,70,,13881,1,0,26 25,1,30,,13882,1,0,26 25,1,70,,13883,1,0,26 25,1,30,,13884,1,0,26 25,1,70,,13885,1,0,26 25,1,30,,13886,1,0,26 25,1,29,,13887,1,0,26 25,1,71,,13888,1,0,26 25,1
1801,'3',930,,13890,1,0,26 25,1,70,,13891,1,0,26 25,1,30,,13892,1,0,26 25,1,70,,13893,1,0,26 25,1,30,,13894,1,0,26 25,1,70,,13895,1,0,26 25,1,30,,13896,1,0,26 25,1,70,,13897,1,0,26 25,1,30,,13898,1,0,26 25,1,70,,13899,1,0,26 25,1,30,,13900,1,0,26 25,1,70,,13901,1,0,26 25,1,30,,13902,1,0,26 25,1,70,,13903,1,0,26 25,1,30,,13904,1,0,26 25,1,70,,13905,1,0,26 25,1,30,,13906,1,0,26 25,1,70,,13907,1,0,26 25,1,30,,13908,1,0,26 25,1,70,,13909,1,0,26 25,1
