100,'1',600,,10189,1,0,24 23,1,30,,10190,1,0,24 23,1,70,,10191,1,0,24 23,1,30,,10192,1,0,24 23,1,70,,10193,1,0,24 23,1,30,,10194,1,0,24 23,1,70,,10195,1,0,24 23,1,30,,10196,1,0,24 23,1,70,,10197,1,0,24 23,1,30,,10198,1,0,24 23,1,70,,10199,1,0,24 23,1,30,,10200,1,0,24 23,1,70,,10201,1,0,24 23,1,30,,10202,1,0,24 23,1,70,,10203,1,0,24 23,1,30,,10204,1,0,24 23,1,70,,10205,1,0,24 23,1,30,,10206,1,0,24 23,1,70,,10207,1,0,24 23,1,30,,10208,1,0,24 23,1,70,,10209,1,0,24 23,1,30,,10210,1,0,24 23,1,70,,10211,1,0,24 23,1,30,,10212,1,0,24 23,1,70,,10213,1,0,24 23,1,30,,10214,1,0,24 23,1,70,,10215,1,0,24 23,1,30,,10216,1,0,24 23,1,70,,10217,1,0,24 23,1,30,,10218,1,0,24 23,1,70,,10219,1,0,24 23,1,30,,10220,1,0,24 23,1,70,,10221,1,0,24 23,1,30,,10222,1,0,24 23,1,70,,10223,1,0,24 23,1,30,,10224,1,0,24 23,1,70,,10225,1,0,24 23,1,30,,10226,1,0,24 23,1
100,'2',600,,10227,1,0,24 23,1,30,,10228,1,0,24 23,1,70,,10229,1,0,24 23,1,30,,10230,1,0,24 23,1,70,,10231,1,0,24 23,1,30,,10232,1,0,24 23,1,70,,10233,1,0,24 23,1,30,,10234,1,0,24 23,1,70,,10235,1,0,24 23,1,30,,10236,1,0,24 23,1,70,,10237,1,0,24 23,1,30,,10238,1,0,24 23,1,70,,10239,1,0,24 23,1,30,,10240,1,0,24 23,1,70,,10241,1,0,24 23,1,30,,10242,1,0,24 23,1,70,,10243,1,0,24 23,1,30,,10244,1,0,24 23,1,70,,10245,1,0,24 23,1,30,,10246,1,0,24 23,1,70,,10247,1,0,24 23,1,30,,10248,1,0,24 23,1,70,,10249,1,0,24 23,1,30,,10250,1,0,24 23,1,70,,10251,1,0,24 23,1,30,,10252,1,0,24 23,1,70,,10253,1,0,24 23,1,30,,10254,1,0,24 23,1,70,,10255,1,0,24 23,1,30,,10256,1,0,24 23,1,70,,10257,1,0,24 23,1,30,,10258,1,0,24 23,1,70,,10259,1,0,24 23,1,30,,10260,1,0,24 23,1,70,,10261,1,0,24 23,1,30,,10262,1,0,24 23,1,70,,10263,1,0,24 23,1,30,,10264,1,0,24 23,1
100,'3',930,,10265,1,0,24 23,1,70,,10266,1,0,24 23,1,30,,10267,1,0,24 23,1,70,,10268,1,0,24 23,1,30,,10269,1,0,24 23,1,70,,10270,1,0,24 23,1,30,,10271,1,0,24 23,1,70,,10272,1,0,24 23,1,30,,10273,1,0,24 23,1,70,,10274,1,0,24 23,1,30,,10275,1,0,24 23,1,70,,10276,1,0,24 23,1,30,,10277,1,0,24 23,1,70,,10278,1,0,24 23,1,30,,10279,1,0,24 23,1,70,,10280,1,0,24 23,1,30,,10281,1,0,24 23,1,70,,10282,1,0,24 23,1,30,,10283,1,0,24 23,1,70,,10284,1,0,24 23,1
101,'1',554,,10285,12,4,,1,70,,10286,11,4,,1,30,,10287,11,4,,1,70,,10288,11,4,,1,30,,10289,11,4,,1,70,,10290,11,4,,1,30,,10291,11,4,,1,70,,10292,11,4,,1,30,,10293,11,4,,1,70,,10294,11,4,,1,30,,10295,11,4,,1,70,,10296,11,4,,1,30,,10297,11,4,,1,70,,10298,11,4,,1,30,,10299,11,4,,1,70,,10300,11,4,,1,30,,10301,11,4,,1,70,,10302,11,4,,1,30,,10303,11,4,,1,70,,10304,11,4,,1,30,,10305,11,4,,1,70,,10306,11,4,,1,30,,10307,11,4,,1,70,,10308,11,4,,1,30,,10309,11,4,,1,70,,10310,11,4,,1,30,,10311,11,4,,1,70,,10312,11,4,,1,30,,10313,11,4,,1,70,,10314,11,4,,1,30,,10315,11,4,,1,70,,10316,11,4,,1,30,,10317,11,4,,1,70,,10318,11,4,,1,30,,10319,11,4,,1,70,,10320,11,4,,1,30,,10321,11,4,,1,70,,10322,11,4,,1
101,'2',554,,10323,12,4,,1,70,,10324,11,4,,1,30,,10325,11,4,,1,70,,10326,11,4,,1,30,,10327,11,4,,1,70,,10328,11,4,,1,30,,10329,11,4,,1,70,,10330,11,4,,1,30,,10331,11,4,,1,70,,10332,11,4,,1,30,,10333,11,4,,1,70,,10334,11,4,,1,30,,10335,11,4,,1,70,,10336,11,4,,1,30,,10337,11,4,,1,70,,10338,11,4,,1,30,,10339,11,4,,1,70,,10340,11,4,,1,30,,10341,11,4,,1,70,,10342,11,4,,1,30,,10343,11,4,,1,70,,10344,11,4,,1,30,,10345,11,4,,1,70,,10346,11,4,,1,30,,10347,11,4,,1,70,,10348,11,4,,1,30,,10349,11,4,,1,70,,10350,11,4,,1,30,,10351,11,4,,1,70,,10352,11,4,,1,30,,10353,11,4,,1,70,,10354,11,4,,1,30,,10355,11,4,,1,70,,10356,11,4,,1,30,,10357,11,4,,1,70,,10358,11,4,,1,30,,10359,11,4,,1,70,,10360,11,4,,1
101,'3',924,,10361,12,4,,1,30,,10362,11,4,,1,70,,10363,11,4,,1,30,,10364,11,4,,1,70,,10365,11,4,,1,30,,10366,11,4,,1,70,,10367,11,4,,1,30,,10368,11,4,,1,70,,10369,11,4,,1,30,,10370,11,4,,1,70,,10371,11,4,,1,30,,10372,11,4,,1,70,,10373,11,4,,1,30,,10374,11,4,,1,70,,10375,11,4,,1,30,,10376,11,4,,1,70,,10377,11,4,,1,30,,10378,11,4,,1,70,,10379,11,4,,1,30,,10380,11,4,,1
1000600,'14802',2510,,15293,1,0,24 29,1,20,,15294,1,0,24 29,1,20,,15295,1,0,24 29,1,60,,15296,1,0,24 29,1,20,,15297,1,0,24 29,1
1000600,'7901',2530,,15298,1,0,24 29,1,80,,15299,1,0,24 29,1
1000600,'8001',2510,,15300,1,0,24 29,1,40,,15301,1,0,24 29,1,80,,15302,1,0,24 29,1
1000601,'14802',2545,,15303,10,4,,1,60,,15304,10,4,,1,20,,15305,10,4,,1,20,,15306,10,4,,1,60,,15307,10,4,,1
1000601,'7901',2605,,15308,10,4,,1,40,,15309,10,4,,1
1000601,'8001',2545,,15310,10,4,,1,80,,15311,10,4,,1,80,,15312,10,4,,1
