1500,'1',606,,13126,7,0,23,1,30,,13127,7,0,23,1,70,,13128,7,0,23,1,30,,13129,7,0,23,1,70,,13130,7,0,23,1,30,,13131,7,0,23,1,70,,13132,7,0,23,1,30,,13133,7,0,23,1,70,,13134,7,0,23,1,30,,13135,7,0,23,1,70,,13136,7,0,23,1,30,,13137,7,0,23,1,70,,13138,7,0,23,1,30,,13139,7,0,23,1,70,,13140,7,0,23,1,30,,13141,7,0,23,1,70,,13142,7,0,23,1,30,,13143,7,0,23,1,70,,13144,7,0,23,1,30,,13145,7,0,23,1,70,,13146,7,0,23,1,30,,13147,7,0,23,1,70,,13148,7,0,23,1,30,,13149,7,0,23,1,70,,13150,7,0,23,1,30,,13151,7,0,23,1,70,,13152,7,0,23,1,30,,13153,7,0,23,1,70,,13154,7,0,23,1,30,,13155,7,0,23,1,70,,13156,7,0,23,1,30,,13157,7,0,23,1,70,,13158,7,0,23,1,30,,13159,7,0,23,1,70,,13160,7,0,23,1,30,,13161,7,0,23,1,70,,13162,7,0,23,1,30,,13163,7,0,23,1
1500,'2',606,,13164,7,0,23,1,30,,13165,7,0,23,1,70,,13166,7,0,23,1,30,,13167,7,0,23,1,70,,13168,7,0,23,1,30,,13169,7,0,23,1,70,,13170,7,0,23,1,30,,13171,7,0,23,1,70,,13172,7,0,23,1,30,,13173,7,0,23,1,70,,13174,7,0,23,1,30,,13175,7,0,23,1,70,,13176,7,0,23,1,30,,13177,7,0,23,1,70,,13178,7,0,23,1,30,,13179,7,0,23,1,70,,13180,7,0,23,1,30,,13181,7,0,23,1,70,,13182,7,0,23,1,30,,13183,7,0,23,1,70,,13184,7,0,23,1,30,,13185,7,0,23,1,70,,13186,7,0,23,1,30,,13187,7,0,23,1,70,,13188,7,0,23,1,30,,13189,7,0,23,1,70,,13190,7,0,23,1,30,,13191,7,0,23,1,70,,13192,7,0,23,1,30,,13193,7,0,23,1,70,,13194,7,0,23,1,30,,13195,7,0,23,1,70,,13196,7,0,23,1,30,,13197,7,0,23,1,70,,13198,7,0,23,1,30,,13199,7,0,23,1,70,,13200,7,0,23,1,30,,13201,7,0,23,1
1500,'3',936,,13202,7,0,23,1,70,,13203,7,0,23,1,30,,13204,7,0,23,1,70,,13205,7,0,23,1,30,,13206,7,0,23,1,70,,13207,7,0,23,1,30,,13208,7,0,23,1,70,,13209,7,0,23,1,30,,13210,7,0,23,1,70,,13211,7,0,23,1,30,,13212,7,0,23,1,70,,13213,7,0,23,1,30,,13214,7,0,23,1,70,,13215,7,0,23,1,30,,13216,7,0,23,1,70,,13217,7,0,23,1,30,,13218,7,0,23,1,70,,13219,7,0,23,1,30,,13220,7,0,23,1,70,,13221,7,0,23,1
1901,'1',545,,14006,3,0,9 37,1,70,,14007,3,0,9 37,1,30,,14008,3,0,9 37,1,70,,14009,3,0,9 37,1,30,,14010,3,0,9 37,1,70,,14011,3,0,9 37,1,30,,14012,3,0,9 37,1,70,,14013,3,0,9 37,1,30,,14014,3,0,9 37,1,70,,14015,3,0,9 37,1,30,,14016,3,0,9 37,1,70,,14017,3,0,9 37,1,30,,14018,3,0,9 37,1,70,,14019,3,0,9 37,1,30,,14020,3,0,9 37,1,70,,14021,3,0,9 37,1,30,,14022,3,0,9 37,1,70,,14023,3,0,9 37,1,30,,14024,3,0,9 37,1,70,,14025,3,0,9 37,1,30,,14026,3,0,9 37,1,70,,14027,3,0,9 37,1,30,,14028,3,0,9 37,1,70,,14029,3,0,9 37,1,30,,14030,3,0,9 37,1,70,,14031,3,0,9 37,1,30,,14032,3,0,9 37,1,70,,14033,3,0,9 37,1,30,,14034,3,0,9 37,1,70,,14035,3,0,9 37,1,30,,14036,3,0,9 37,1,70,,14037,3,0,9 37,1,30,,14038,3,0,9 37,1,70,,14039,3,0,9 37,1,30,,14040,3,0,9 37,1,70,,14041,3,0,9 37,1,30,,14042,3,0,9 37,1,70,,14043,3,0,9 37,1
1901,'2',545,,14044,3,0,9 37,1,70,,14045,3,0,9 37,1,30,,14046,3,0,9 37,1,70,,14047,3,0,9 37,1,30,,14048,3,0,9 37,1,70,,14049,3,0,9 37,1,30,,14050,3,0,9 37,1,70,,14051,3,0,9 37,1,30,,14052,3,0,9 37,1,70,,14053,3,0,9 37,1,30,,14054,3,0,9 37,1,70,,14055,3,0,9 37,1,30,,14056,3,0,9 37,1,70,,14057,3,0,9 37,1,30,,14058,3,0,9 37,1,70,,14059,3,0,9 37,1,30,,14060,3,0,9 37,1,70,,14061,3,0,9 37,1,30,,14062,3,0,9 37,1,70,,14063,3,0,9 37,1,30,,14064,3,0,9 37,1,70,,14065,3,0,9 37,1,30,,14066,3,0,9 37,1,70,,14067,3,0,9 37,1,30,,14068,3,0,9 37,1,70,,14069,3,0,9 37,1,30,,14070,3,0,9 37,1,70,,14071,3,0,9 37,1,30,,14072,3,0,9 37,1,70,,14073,3,0,9 37,1,30,,14074,3,0,9 37,1,70,,14075,3,0,9 37,1,30,,14076,3,0,9 37,1,70,,14077,3,0,9 37,1,30,,14078,3,0,9 37,1,70,,14079,3,0,9 37,1,30,,14080,3,0,9 37,1,70,,14081,3,0,9 37,1
1901,'3',946,,14082,3,0,9 37,1,70,,14083,3,0,9 37,1,30,,14084,3,0,9 37,1,70,,14085,3,0,9 37,1,30,,14086,3,0,9 37,1,70,,14087,3,0,9 37,1,30,,14088,3,0,9 37,1,70,,14089,3,0,9 37,1,30,,14090,3,0,9 37,1,70,,14091,3,0,9 37,1,30,,14092,3,0,9 37,1,70,,14093,3,0,9 37,1,30,,14094,3,0,9 37,1,70,,14095,3,0,9 37,1,30,,14096,3,0,9 37,1,70,,14097,3,0,9 37,1,30,,14098,3,0,9 37,1,70,,14099,3,0,9 37,1,30,,14100,3,0,9 37,1
1000400,'14802',2516,,15234,14,4,,1,20,,15235,15,4,,1,20,,15236,15,4,,1,60,,15237,15,4,,1,20,,15238,15,4,,1
1000400,'7901',2536,,15239,15,4,,1,80,,15240,15,4,,1
1000400,'8001',2516,,15241,14,4,,1,40,,15242,15,4,,1,80,,15243,15,4,,1
1000401,'14802',2516,,15244,1,0,33 9 15,1,20,,15245,1,0,33 9 15,1,20,,15246,1,0,33 9 15,1,60,,15247,1,0,33 9 15,1,20,,15248,1,0,33 9 15,1
1000401,'7901',2536,,15249,1,0,33 9 15,1,80,,15250,1,0,33 9 15,1
1000401,'8001',2516,,15251,1,0,33 9 15,1,40,,15252,1,0,33 9 15,1,80,,15253,1,0,33 9 15,1
