100,'1',611,,10189,14,0,24 23,1,30,,10190,14,0,24 23,1,70,,10191,14,0,24 23,1,30,,10192,14,0,24 23,1,70,,10193,14,0,24 23,1,30,,10194,14,0,24 23,1,70,,10195,14,0,24 23,1,30,,10196,14,0,24 23,1,70,,10197,14,0,24 23,1,30,,10198,14,0,24 23,1,70,,10199,14,0,24 23,1,30,,10200,14,0,24 23,1,70,,10201,14,0,24 23,1,30,,10202,14,0,24 23,1,70,,10203,14,0,24 23,1,30,,10204,14,0,24 23,1,70,,10205,14,0,24 23,1,30,,10206,14,0,24 23,1,70,,10207,14,0,24 23,1,30,,10208,14,0,24 23,1,70,,10209,14,0,24 23,1,30,,10210,14,0,24 23,1,70,,10211,14,0,24 23,1,30,,10212,14,0,24 23,1,70,,10213,14,0,24 23,1,30,,10214,14,0,24 23,1,70,,10215,14,0,24 23,1,30,,10216,14,0,24 23,1,70,,10217,14,0,24 23,1,30,,10218,14,0,24 23,1,70,,10219,14,0,24 23,1,30,,10220,14,0,24 23,1,70,,10221,14,0,24 23,1,30,,10222,14,0,24 23,1,70,,10223,14,0,24 23,1,30,,10224,14,0,24 23,1,70,,10225,14,0,24 23,1,30,,10226,14,0,24 23,1
100,'2',611,,10227,14,0,24 23,1,30,,10228,14,0,24 23,1,70,,10229,14,0,24 23,1,30,,10230,14,0,24 23,1,70,,10231,14,0,24 23,1,30,,10232,14,0,24 23,1,70,,10233,14,0,24 23,1,30,,10234,14,0,24 23,1,70,,10235,14,0,24 23,1,30,,10236,14,0,24 23,1,70,,10237,14,0,24 23,1,30,,10238,14,0,24 23,1,70,,10239,14,0,24 23,1,30,,10240,14,0,24 23,1,70,,10241,14,0,24 23,1,30,,10242,14,0,24 23,1,70,,10243,14,0,24 23,1,30,,10244,14,0,24 23,1,70,,10245,14,0,24 23,1,30,,10246,14,0,24 23,1,70,,10247,14,0,24 23,1,30,,10248,14,0,24 23,1,70,,10249,14,0,24 23,1,30,,10250,14,0,24 23,1,70,,10251,14,0,24 23,1,30,,10252,14,0,24 23,1,70,,10253,14,0,24 23,1,30,,10254,14,0,24 23,1,70,,10255,14,0,24 23,1,30,,10256,14,0,24 23,1,70,,10257,14,0,24 23,1,30,,10258,14,0,24 23,1,70,,10259,14,0,24 23,1,30,,10260,14,0,24 23,1,70,,10261,14,0,24 23,1,30,,10262,14,0,24 23,1,70,,10263,14,0,24 23,1,30,,10264,14,0,24 23,1
100,'3',941,,10265,14,0,24 23,1,70,,10266,14,0,24 23,1,30,,10267,14,0,24 23,1,70,,10268,14,0,24 23,1,30,,10269,14,0,24 23,1,70,,10270,14,0,24 23,1,30,,10271,14,0,24 23,1,70,,10272,14,0,24 23,1,30,,10273,14,0,24 23,1,70,,10274,14,0,24 23,1,30,,10275,14,0,24 23,1,70,,10276,14,0,24 23,1,30,,10277,14,0,24 23,1,70,,10278,14,0,24 23,1,30,,10279,14,0,24 23,1,70,,10280,14,0,24 23,1,30,,10281,14,0,24 23,1,70,,10282,14,0,24 23,1,30,,10283,14,0,24 23,1,70,,10284,14,0,24 23,1
101,'1',541,,10285,1,0,24 23,1
101,'2',541,,10323,1,0,24 23,1
101,'3',911,,10361,1,0,24 23,1
1000701,'14802',2522,,15323,3,0,17 18,1,20,,15324,3,0,17 18,1,60,,15325,3,0,17 18,1,20,,15326,3,0,17 18,1,20,,15327,3,0,17 18,1
1000701,'7901',2542,,15328,3,0,17 18,1,80,,15329,3,0,17 18,1
1000701,'8001',2522,,15330,3,0,17 18,1,80,,15331,3,0,17 18,1,40,,15332,3,0,17 18,1
1000800,'3403',1840,,15333,30,,,1,75,,15334,30,,,1,35,,15335,30,,,1,75,,15336,30,,,1,75,,15337,30,,,1,35,,15338,30,,,1,75,,15339,30,,,1,35,,15340,30,,,1,75,,15341,30,,,1,35,,15342,30,,,1,75,,15343,30,,,1,75,,15344,30,,,1
