201,'1',552,,10477,14,0,23 24,1,70,,10478,13,0,23 24,1,30,,10479,13,0,23 24,1,70,,10480,13,0,23 24,1,30,,10481,13,0,23 24,1,70,,10482,13,0,23 24,1,30,,10483,13,0,23 24,1,70,,10484,13,0,23 24,1,30,,10485,13,0,23 24,1,70,,10486,13,0,23 24,1,30,,10487,13,0,23 24,1,70,,10488,13,0,23 24,1,30,,10489,13,0,23 24,1,70,,10490,13,0,23 24,1,30,,10491,13,0,23 24,1,70,,10492,13,0,23 24,1,30,,10493,13,0,23 24,1,70,,10494,13,0,23 24,1,30,,10495,13,0,23 24,1,70,,10496,13,0,23 24,1,30,,10497,13,0,23 24,1,70,,10498,13,0,23 24,1,30,,10499,13,0,23 24,1,70,,10500,13,0,23 24,1,30,,10501,13,0,23 24,1,70,,10502,13,0,23 24,1,30,,10503,13,0,23 24,1,70,,10504,13,0,23 24,1,30,,10505,13,0,23 24,1,70,,10506,13,0,23 24,1,30,,10507,13,0,23 24,1,70,,10508,13,0,23 24,1,30,,10509,13,0,23 24,1,70,,10510,13,0,23 24,1,30,,10511,13,0,23 24,1,70,,10512,13,0,23 24,1,30,,10513,13,0,23 24,1,70,,10514,13,0,23 24,1
201,'2',552,,10515,14,0,23 24,1,70,,10516,13,0,23 24,1,30,,10517,13,0,23 24,1,70,,10518,13,0,23 24,1,30,,10519,13,0,23 24,1,70,,10520,13,0,23 24,1,30,,10521,13,0,23 24,1,70,,10522,13,0,23 24,1,30,,10523,13,0,23 24,1,70,,10524,13,0,23 24,1,30,,10525,13,0,23 24,1,70,,10526,13,0,23 24,1,30,,10527,13,0,23 24,1,70,,10528,13,0,23 24,1,30,,10529,13,0,23 24,1,70,,10530,13,0,23 24,1,30,,10531,13,0,23 24,1,70,,10532,13,0,23 24,1,30,,10533,13,0,23 24,1,70,,10534,13,0,23 24,1,30,,10535,13,0,23 24,1,70,,10536,13,0,23 24,1,30,,10537,13,0,23 24,1,70,,10538,13,0,23 24,1,30,,10539,13,0,23 24,1,70,,10540,13,0,23 24,1,30,,10541,13,0,23 24,1,70,,10542,13,0,23 24,1,30,,10543,13,0,23 24,1,70,,10544,13,0,23 24,1,30,,10545,13,0,23 24,1,70,,10546,13,0,23 24,1,30,,10547,13,0,23 24,1,70,,10548,13,0,23 24,1,30,,10549,13,0,23 24,1,70,,10550,13,0,23 24,1,30,,10551,13,0,23 24,1,70,,10552,13,0,23 24,1
201,'3',922,,10553,14,0,23 24,1,30,,10554,13,0,23 24,1,70,,10555,13,0,23 24,1,30,,10556,13,0,23 24,1,70,,10557,13,0,23 24,1,30,,10558,13,0,23 24,1,70,,10559,13,0,23 24,1,30,,10560,13,0,23 24,1,70,,10561,13,0,23 24,1,30,,10562,13,0,23 24,1,70,,10563,13,0,23 24,1,30,,10564,13,0,23 24,1,70,,10565,13,0,23 24,1,30,,10566,13,0,23 24,1,70,,10567,13,0,23 24,1,30,,10568,13,0,23 24,1,70,,10569,13,0,23 24,1,30,,10570,13,0,23 24,1,70,,10571,13,0,23 24,1,30,,10572,13,0,23 24,1
501,'1',732,,11117,18,0,22,1,15,,11118,18,0,22,1,55,,11119,18,0,22,1,15,,11120,18,0,22,1,15,,11121,18,0,22,1,15,,11122,18,0,22,1,55,,11123,18,0,22,1,15,,11124,18,0,22,1,15,,11125,18,0,22,1,15,,11126,18,0,22,1,55,,11127,18,0,22,1,15,,11128,18,0,22,1,15,,11129,18,0,22,1,15,,11130,18,0,22,1,55,,11131,18,0,22,1,15,,11132,18,0,22,1,15,,11133,18,0,22,1,15,,11134,18,0,22,1,55,,11135,18,0,22,1,15,,11136,18,0,22,1,15,,11137,18,0,22,1,15,,11138,18,0,22,1,55,,11139,18,0,22,1,15,,11140,18,0,22,1,15,,11141,18,0,22,1,15,,11142,18,0,22,1,55,,11143,18,0,22,1,15,,11144,18,0,22,1,15,,11145,18,0,22,1,15,,11146,18,0,22,1,55,,11147,18,0,22,1,15,,11148,18,0,22,1,15,,11149,18,0,22,1,15,,11150,18,0,22,1,55,,11151,18,0,22,1,15,,11152,18,0,22,1,15,,11153,18,0,22,1,15,,11154,18,0,22,1,55,,11155,18,0,22,1,15,,11156,18,0,22,1,15,,11157,18,0,22,1,15,,11158,18,0,22,1,55,,11159,18,0,22,1,15,,11160,18,0,22,1,15,,11161,18,0,22,1,15,,11162,18,0,22,1,55,,11163,18,0,22,1,15,,11164,18,0,22,1,15,,11165,18,0,22,1,15,,11166,18,0,22,1,55,,11167,18,0,22,1,15,,11168,18,0,22,1,15,,11169,18,0,22,1,15,,11170,18,0,22,1,55,,11171,18,0,22,1,15,,11172,18,0,22,1,15,,11173,18,0,22,1
501,'2',732,,11183,18,0,22,1,20,,11184,18,0,22,1,60,,11185,18,0,22,1,20,,11186,18,0,22,1,20,,11187,18,0,22,1,60,,11188,18,0,22,1,20,,11189,18,0,22,1,20,,11190,18,0,22,1,60,,11191,18,0,22,1,20,,11192,18,0,22,1,20,,11193,18,0,22,1,60,,11194,18,0,22,1,20,,11195,18,0,22,1,20,,11196,18,0,22,1,60,,11197,18,0,22,1,20,,11198,18,0,22,1,20,,11199,18,0,22,1,60,,11200,18,0,22,1,20,,11201,18,0,22,1,20,,11202,18,0,22,1,60,,11203,18,0,22,1,20,,11204,18,0,22,1,20,,11205,18,0,22,1,60,,11206,18,0,22,1,20,,11207,18,0,22,1,20,,11208,18,0,22,1,60,,11209,18,0,22,1,20,,11210,18,0,22,1,20,,11211,18,0,22,1,60,,11212,18,0,22,1,20,,11213,18,0,22,1,20,,11214,18,0,22,1,60,,11215,18,0,22,1
601,'1',553,,11352,16,0,17,1,70,,11353,16,0,17,1,30,,11354,16,0,17,1,71,,11355,16,0,17,1,20,,11356,16,0,17,1,60,,11357,16,0,17,1,20,,11358,16,0,17,1,20,,11359,16,0,17,1,60,,11360,16,0,17,1,20,,11361,16,0,17,1,20,,11362,16,0,17,1,60,,11363,16,0,17,1,20,,11364,16,0,17,1,30,,11365,16,0,17,1,70,,11366,16,0,17,1,30,,11367,16,0,17,1,70,,11368,16,0,17,1,30,,11369,16,0,17,1,70,,11370,16,0,17,1,30,,11371,16,0,17,1,72,,11372,16,0,17,1,20,,11373,16,0,17,1,60,,11374,16,0,17,1,20,,11375,16,0,17,1,20,,11376,16,0,17,1,60,,11377,16,0,17,1,20,,11378,16,0,17,1,20,,11379,16,0,17,1,60,,11380,16,0,17,1,20,,11381,16,0,17,1,20,,11382,16,0,17,1,60,,11383,16,0,17,1,17,,11384,16,0,17,1,30,,11385,16,0,17,1,70,,11386,16,0,17,1,30,,11387,16,0,17,1,70,,11388,16,0,17,1,30,,11389,16,0,17,1,70,,11390,16,0,17,1,30,,11391,16,0,17,1,70,,11392,16,0,17,1,30,,11393,16,0,17,1,70,,11394,16,0,17,1,30,,11395,16,0,17,1,70,,11396,16,0,17,1
601,'2',552,,11398,16,0,17,1,70,,11399,16,0,17,1,30,,11400,16,0,17,1,70,,11401,16,0,17,1,30,,11402,16,0,17,1,70,,11403,16,0,17,1,30,,11404,16,0,17,1,70,,11405,16,0,17,1,30,,11406,16,0,17,1,70,,11407,16,0,17,1,30,,11408,16,0,17,1,70,,11409,16,0,17,1,30,,11410,16,0,17,1,70,,11411,16,0,17,1,30,,11412,16,0,17,1,70,,11413,16,0,17,1,30,,11414,16,0,17,1,70,,11415,16,0,17,1,30,,11416,16,0,17,1,70,,11417,16,0,17,1,30,,11418,16,0,17,1,70,,11419,16,0,17,1,30,,11420,16,0,17,1,70,,11421,16,0,17,1,30,,11422,16,0,17,1,70,,11423,16,0,17,1,30,,11424,16,0,17,1,70,,11425,16,0,17,1,30,,11426,16,0,17,1,70,,11427,16,0,17,1,30,,11428,16,0,17,1,70,,11429,16,0,17,1,30,,11430,16,0,17,1,70,,11431,16,0,17,1,30,,11432,16,0,17,1,70,,11433,16,0,17,1,30,,11434,16,0,17,1,70,,11435,16,0,17,1
601,'3',922,,11437,16,0,17,1,30,,11438,16,0,17,1,70,,11439,16,0,17,1,30,,11440,16,0,17,1,70,,11441,16,0,17,1,30,,11442,16,0,17,1,70,,11443,16,0,17,1,30,,11444,16,0,17,1,70,,11445,16,0,17,1,30,,11446,16,0,17,1,70,,11447,16,0,17,1,30,,11448,16,0,17,1,70,,11449,16,0,17,1,30,,11450,16,0,17,1,70,,11451,16,0,17,1,30,,11452,16,0,17,1,70,,11453,16,0,17,1,30,,11454,16,0,17,1,70,,11455,16,0,17,1,30,,11456,16,0,17,1
701,'1',551,,11564,12,0,28,1,70,,11565,12,0,28,1,30,,11566,12,0,28,1,76,,11567,12,0,28,1,20,,11568,12,0,28,1,60,,11569,12,0,28,1,20,,11570,12,0,28,1,20,,11571,12,0,28,1,60,,11572,12,0,28,1,20,,11573,12,0,28,1,20,,11574,12,0,28,1,60,,11575,12,0,28,1,17,,11576,12,0,28,1,30,,11577,12,0,28,1,70,,11578,12,0,28,1,30,,11579,12,0,28,1,70,,11580,12,0,28,1,30,,11581,12,0,28,1,70,,11582,12,0,28,1,30,,11583,12,0,28,1,73,,11584,12,0,28,1,20,,11585,12,0,28,1,60,,11586,12,0,28,1,20,,11587,12,0,28,1,20,,11588,12,0,28,1,60,,11589,12,0,28,1,20,,11590,12,0,28,1,20,,11591,12,0,28,1,60,,11592,12,0,28,1,20,,11593,12,0,28,1,20,,11594,12,0,28,1,60,,11595,12,0,28,1,15,,11596,12,0,28,1,30,,11597,12,0,28,1,70,,11598,12,0,28,1,30,,11599,12,0,28,1,70,,11600,12,0,28,1,30,,11601,12,0,28,1,70,,11602,12,0,28,1,30,,11603,12,0,28,1,70,,11604,12,0,28,1,30,,11605,12,0,28,1,70,,11606,12,0,28,1,30,,11607,12,0,28,1,70,,11608,12,0,28,1
701,'2',551,,11609,12,0,28,1,70,,11610,12,0,28,1,30,,11611,12,0,28,1,70,,11612,12,0,28,1,30,,11613,12,0,28,1,70,,11614,12,0,28,1,30,,11615,12,0,28,1,70,,11616,12,0,28,1,30,,11617,12,0,28,1,70,,11618,12,0,28,1,30,,11619,12,0,28,1,70,,11620,12,0,28,1,30,,11621,12,0,28,1,70,,11622,12,0,28,1,30,,11623,12,0,28,1,70,,11624,12,0,28,1,30,,11625,12,0,28,1,70,,11626,12,0,28,1,30,,11627,12,0,28,1,70,,11628,12,0,28,1,30,,11629,12,0,28,1,70,,11630,12,0,28,1,30,,11631,12,0,28,1,70,,11632,12,0,28,1,30,,11633,12,0,28,1,70,,11634,12,0,28,1,30,,11635,12,0,28,1,70,,11636,12,0,28,1,30,,11637,12,0,28,1,70,,11638,12,0,28,1,30,,11639,12,0,28,1,70,,11640,12,0,28,1,30,,11641,12,0,28,1,70,,11642,12,0,28,1,30,,11643,12,0,28,1,70,,11644,12,0,28,1,30,,11645,12,0,28,1,70,,11646,12,0,28,1
701,'3',921,,11647,12,0,28,1,30,,11648,12,0,28,1,70,,11649,12,0,28,1,30,,11650,12,0,28,1,70,,11651,12,0,28,1,30,,11652,12,0,28,1,70,,11653,12,0,28,1,30,,11654,12,0,28,1,70,,11655,12,0,28,1,30,,11656,12,0,28,1,70,,11657,12,0,28,1,30,,11658,12,0,28,1,70,,11659,12,0,28,1,30,,11660,12,0,28,1,70,,11661,12,0,28,1,30,,11662,12,0,28,1,70,,11663,12,0,28,1,30,,11664,12,0,28,1,70,,11665,12,0,28,1,30,,11666,12,0,28,1
9900,'1',554,,14602,14,,,1,50,,14603,14,,,1,10,,14604,14,,,1,10,,14605,14,,,1,10,,14606,14,,,1,10,,14607,14,,,1,10,,14608,14,,,1,50,,14609,14,,,1,10,,14610,14,,,1,10,,14611,14,,,1,10,,14612,14,,,1,10,,14613,14,,,1,6,,14711,14,,,1,4,,14614,14,,,1,50,,14615,14,,,1,10,,14616,14,,,1,6,,14712,14,,,1,4,,14617,14,,,1,10,,14618,14,,,1,10,,14619,14,,,1,6,,14713,14,,,1,4,,14620,14,,,1,50,,14621,14,,,1,10,,14622,14,,,1,6,,14714,14,,,1,4,,14623,14,,,1,10,,14624,14,,,1,10,,14625,14,,,1,6,,14715,14,,,1,4,,14626,14,,,1,50,,14627,14,,,1,10,,14628,14,,,1,6,,14716,14,,,1,4,,14629,14,,,1,10,,14630,14,,,1,10,,14631,14,,,1,6,,14717,14,,,1,4,,14632,14,,,1,5,,14718,14,,,1,45,,14633,14,,,1,10,,14634,14,,,1,10,,14635,14,,,1,5,,14719,14,,,1,5,,14636,14,,,1,10,,14637,14,,,1,10,,14638,14,,,1,5,,14720,14,,,1,45,,14639,14,,,1,10,,14640,14,,,1,10,,14641,14,,,1,5,,14721,14,,,1,5,,14642,14,,,1,10,,14643,14,,,1,10,,14644,14,,,1,5,,14722,14,,,1,45,,14645,14,,,1,10,,14646,14,,,1,10,,14647,14,,,1,5,,14723,14,,,1,5,,14648,14,,,1,10,,14649,14,,,1,10,,14650,14,,,1,5,,14724,14,,,1,45,,14651,14,,,1,10,,14652,14,,,1,10,,14653,14,,,1,5,,14725,14,,,1,5,,14654,14,,,1,10,,14655,14,,,1,6,,14726,14,,,1,4,,14656,14,,,1,5,,14727,14,,,1,45,,14657,14,,,1,10,,14658,14,,,1,6,,14728,14,,,1,4,,14660,14,,,1,5,,14729,14,,,1,5,,14661,14,,,1,10,,14662,14,,,1,6,,14730,14,,,1,4,,14663,14,,,1,5,,14731,14,,,1,45,,14664,14,,,1,10,,14665,14,,,1,6,,14732,14,,,1,4,,14666,14,,,1,5,,14733,14,,,1,5,,14667,14,,,1,10,,14668,14,,,1,6,,14734,14,,,1,4,,14669,14,,,1,5,,14735,14,,,1,45,,14670,14,,,1,10,,14671,14,,,1,6,,14736,14,,,1,4,,14672,14,,,1,5,,14737,14,,,1,5,,14673,14,,,1,10,,14674,14,,,1,6,,14738,14,,,1,4,,14675,14,,,1,50,,14676,14,,,1,10,,14677,14,,,1,6,,14739,14,,,1,4,,14678,14,,,1,10,,14679,14,,,1,10,,14680,14,,,1,10,,14681,14,,,1,50,,14682,14,,,1,10,,14683,14,,,1,10,,14684,14,,,1,10,,14685,14,,,1,10,,14686,14,,,1,10,,14687,14,,,1,50,,14688,14,,,1,10,,14689,14,,,1,10,,14690,14,,,1,10,,14691,14,,,1,10,,14692,14,,,1,10,,14693,14,,,1,50,,14694,14,,,1,10,,14695,14,,,1,10,,14696,14,,,1,15,,14697,14,,,1,15,,14698,14,,,1,55,,14699,14,,,1,15,,14700,14,,,1,15,,14701,14,,,1,15,,14702,14,,,1,55,,14703,14,,,1,15,,14704,14,,,1,15,,14705,14,,,1,15,,14706,14,,,1,55,,14707,14,,,1,15,,14708,14,,,1,15,,14709,14,,,1,15,,14710,14,,,1
9900,'2',554,,14830,14,,,1,55,,14827,14,,,1,15,,14828,14,,,1,15,,14825,14,,,1,15,,14826,14,,,1,55,,14823,14,,,1,15,,14824,14,,,1,15,,14821,14,,,1,15,,14822,14,,,1,55,,14819,14,,,1,15,,14820,14,,,1,15,,14817,14,,,1,15,,14818,14,,,1,55,,14815,14,,,1,15,,14816,14,,,1,15,,14813,14,,,1,15,,14814,14,,,1,55,,14811,14,,,1,15,,14812,14,,,1,15,,14809,14,,,1,15,,14810,14,,,1,55,,14807,14,,,1,15,,14808,14,,,1,15,,14805,14,,,1,15,,14806,14,,,1,55,,14803,14,,,1,15,,14804,14,,,1,15,,14801,14,,,1,15,,14802,14,,,1,55,,14799,14,,,1,15,,14800,14,,,1,15,,14797,14,,,1,15,,14798,14,,,1,55,,14796,14,,,1,15,,14794,14,,,1,15,,14793,14,,,1,15,,14795,14,,,1,55,,14832,14,,,1,15,,14792,14,,,1,15,,14790,14,,,1,15,,14791,14,,,1,55,,14788,14,,,1,15,,14789,14,,,1,15,,14786,14,,,1,15,,14787,14,,,1,55,,14784,14,,,1,15,,14785,14,,,1,15,,14782,14,,,1,15,,14783,14,,,1,55,,14780,14,,,1,15,,14781,14,,,1,15,,14778,14,,,1,15,,14779,14,,,1,55,,14777,14,,,1,15,,14775,14,,,1,15,,14774,14,,,1,15,,14776,14,,,1,55,,14772,14,,,1,15,,14773,14,,,1,15,,14770,14,,,1,15,,14771,14,,,1,55,,14768,14,,,1,15,,14769,14,,,1,15,,14766,14,,,1,15,,14767,14,,,1,55,,14765,14,,,1,15,,14764,14,,,1,15,,14762,14,,,1,15,,14763,14,,,1,55,,14760,14,,,1,15,,14761,14,,,1,15,,14759,14,,,1,15,,14756,14,,,1,55,,14758,14,,,1,15,,14757,14,,,1,15,,14755,14,,,1
9900,'3',724,,14836,14,,,1,15,,14837,14,,,1,15,,14838,14,,,1,55,,14839,14,,,1,15,,14840,14,,,1,15,,14841,14,,,1,15,,14842,14,,,1,55,,14843,14,,,1,15,,14844,14,,,1,15,,14845,14,,,1,15,,14846,14,,,1,55,,14847,14,,,1,15,,14848,14,,,1,15,,14849,14,,,1,15,,14850,14,,,1,55,,14851,14,,,1,15,,14852,14,,,1,15,,14853,14,,,1,15,,14854,14,,,1,55,,14855,14,,,1,15,,14856,14,,,1,15,,14857,14,,,1,15,,14858,14,,,1,55,,14859,14,,,1,15,,14860,14,,,1,15,,14861,14,,,1,15,,14862,14,,,1,55,,14863,14,,,1,15,,14864,14,,,1,15,,14865,14,,,1,15,,14866,14,,,1,55,,14867,14,,,1,15,,14868,14,,,1,15,,14869,14,,,1,15,,14870,14,,,1,55,,14871,14,,,1,15,,14872,14,,,1,15,,14873,14,,,1,15,,14874,14,,,1,55,,14875,14,,,1,15,,14876,14,,,1,15,,14877,14,,,1,15,,14878,14,,,1,55,,14879,14,,,1,15,,14880,14,,,1,15,,14881,14,,,1,15,,14882,14,,,1,55,,14883,14,,,1,15,,14884,14,,,1,15,,14885,14,,,1,15,,14886,14,,,1,55,,14887,14,,,1,15,,14888,14,,,1,15,,14889,14,,,1,15,,14890,14,,,1,55,,14891,14,,,1,15,,14892,14,,,1,15,,14893,14,,,1,15,,14894,14,,,1,55,,14895,14,,,1
9900,'7',924,,14916,14,,,1,30,,14915,14,,,1,70,,14914,14,,,1,30,,14913,14,,,1,70,,14912,14,,,1,30,,14911,14,,,1,70,,14910,14,,,1,30,,14909,14,,,1,70,,14908,14,,,1,30,,14907,14,,,1,70,,14906,14,,,1,30,,14905,14,,,1,70,,14904,14,,,1,30,,14903,14,,,1,70,,14902,14,,,1,30,,14901,14,,,1,70,,14900,14,,,1,30,,14899,14,,,1,70,,14898,14,,,1,30,,14897,14,,,1
1000701,'14802',2526,,15323,8,0,17 18,1,20,,15324,8,0,17 18,1,60,,15325,8,0,17 18,1,20,,15326,8,0,17 18,1,20,,15327,8,0,17 18,1
1000701,'7901',2546,,15328,8,0,17 18,1,80,,15329,8,0,17 18,1
1000701,'8001',2526,,15330,8,0,17 18,1,80,,15331,8,0,17 18,1,40,,15332,8,0,17 18,1
1119800,'14802',2546,,15357,14,,,1,70,,15358,14,,,1
1119800,'8001',2546,,15360,14,,,1,70,,15359,14,,,1
21005601,'12701',715,,15584,14,0,14 29,1,20,,15585,14,0,14 29,1,20,,15586,14,0,14 29,1,60,,15587,14,0,14 29,1,20,,15588,14,0,14 29,1,20,,15589,14,0,14 29,1,60,,15590,14,0,14 29,1,20,,15591,14,0,14 29,1,20,,15592,14,0,14 29,1,60,,15593,14,0,14 29,1,22,,15594,14,0,14 29,1,20,,15595,14,0,14 29,1,60,,15596,14,0,14 29,1,20,,15597,14,0,14 29,1,20,,15598,14,0,14 29,1,60,,15599,14,0,14 29,1,20,,15600,14,0,14 29,1,20,,15601,14,0,14 29,1,60,,15602,14,0,14 29,1,20,,15603,14,0,14 29,1,20,,15604,14,0,14 29,1,60,,15605,14,0,14 29,1,20,,15606,14,0,14 29,1,20,,15607,14,0,14 29,1,60,,15608,14,0,14 29,1,20,,15609,14,0,14 29,1,20,,15610,14,0,14 29,1,60,,15611,14,0,14 29,1,20,,15612,14,0,14 29,1,20,,15613,14,0,14 29,1,60,,15614,14,0,14 29,1,20,,15615,14,0,14 29,1,20,,15616,14,0,14 29,1,58,,15617,14,0,14 29,1,25,,15618,14,0,14 29,1,70,,15619,14,0,14 29,1,30,,15620,14,0,14 29,1,70,,15621,14,0,14 29,1,30,,15622,14,0,14 29,1,70,,15623,14,0,14 29,1
21005801,'12701',733,,15666,5,0,14 24,1,20,,15667,5,0,14 24,1,60,,15668,5,0,14 24,1,20,,15669,5,0,14 24,1,20,,15670,5,0,14 24,1,60,,15671,5,0,14 24,1,20,,15672,5,0,14 24,1,20,,15673,5,0,14 24,1,60,,15674,5,0,14 24,1,20,,15675,5,0,14 24,1,20,,15676,5,0,14 24,1,60,,15677,5,0,14 24,1,20,,15678,5,0,14 24,1,20,,15679,5,0,14 24,1,60,,15680,5,0,14 24,1,20,,15681,5,0,14 24,1,20,,15682,5,0,14 24,1,60,,15683,5,0,14 24,1,20,,15684,5,0,14 24,1,20,,15685,5,0,14 24,1,60,,15686,5,0,14 24,1,20,,15687,5,0,14 24,1,20,,15688,5,0,14 24,1,60,,15689,5,0,14 24,1,20,,15690,5,0,14 24,1,20,,15691,5,0,14 24,1,60,,15692,5,0,14 24,1,20,,15693,5,0,14 24,1,20,,15694,5,0,14 24,1,60,,15695,5,0,14 24,1,20,,15696,5,0,14 24,1,20,,15697,5,0,14 24,1,59,,15698,5,0,14 24,1,20,,15699,5,0,14 24,1,20,,15700,5,0,14 24,1,60,,15701,5,0,14 24,1,20,,15702,5,0,14 24,1,20,,15703,5,0,14 24,1,60,,15704,5,0,14 24,1,20,,15705,5,0,14 24,1,20,,15706,5,0,14 24,1,60,,15707,5,0,14 24,1
