800,'1',546,,11715,2,0,16,1,70,,11714,2,0,16,1,30,,11713,2,0,16,1,70,,11712,2,0,16,1,20,,11711,2,0,16,1,20,,11710,2,0,16,1,60,,11709,2,0,16,1,20,,11708,2,0,16,1,20,,11707,2,0,16,1,60,,11706,2,0,16,1,20,,11705,2,0,16,1,20,,11704,2,0,16,1,60,,11703,2,0,16,1,20,,11702,2,0,16,1,20,,11701,2,0,16,1,60,,11700,2,0,16,1,20,,11699,2,0,16,1,20,,11698,2,0,16,1,60,,11697,2,0,16,1,20,,11696,2,0,16,1,20,,11695,2,0,16,1,60,,11694,2,0,16,1,20,,11693,2,0,16,1,20,,11692,2,0,16,1,60,,11691,2,0,16,1,20,,11690,2,0,16,1,20,,11689,2,0,16,1,60,,11688,2,0,16,1,20,,11687,2,0,16,1,20,,11686,2,0,16,1,60,,11685,2,0,16,1,20,,11684,2,0,16,1,20,,11683,2,0,16,1,60,,11682,2,0,16,1,20,,11681,2,0,16,1,20,,11680,2,0,16,1,60,,11679,2,0,16,1,30,,11678,2,0,16,1,70,,11677,2,0,16,1,30,,11676,2,0,16,1,70,,11675,2,0,16,1,30,,11674,2,0,16,1,70,,11673,2,0,16,1,30,,11672,2,0,16,1,70,,11671,2,0,16,1,30,,11670,2,0,16,1,70,,11669,2,0,16,1,30,,11668,2,0,16,1,70,,11667,2,0,16,1
800,'2',546,,11716,2,0,16,1,70,,11717,2,0,16,1,30,,11718,2,0,16,1,70,,11719,2,0,16,1,30,,11720,2,0,16,1,70,,11721,2,0,16,1,30,,11722,2,0,16,1,70,,11723,2,0,16,1,30,,11724,2,0,16,1,70,,11725,2,0,16,1,30,,11726,2,0,16,1,70,,11727,2,0,16,1,30,,11728,2,0,16,1,70,,11729,2,0,16,1,30,,11730,2,0,16,1,70,,11731,2,0,16,1,30,,11732,2,0,16,1,70,,11733,2,0,16,1,30,,11734,2,0,16,1,70,,11735,2,0,16,1,30,,11736,2,0,16,1,70,,11737,2,0,16,1,30,,11738,2,0,16,1,70,,11739,2,0,16,1,30,,11740,2,0,16,1,70,,11741,2,0,16,1,30,,11742,2,0,16,1,70,,11743,2,0,16,1,30,,11744,2,0,16,1,70,,11745,2,0,16,1,30,,11746,2,0,16,1,70,,11747,2,0,16,1,30,,11748,2,0,16,1,70,,11749,2,0,16,1,30,,11750,2,0,16,1,70,,11751,2,0,16,1,30,,11752,2,0,16,1,70,,11753,2,0,16,1
800,'3',916,,11754,2,0,16,1,30,,11755,2,0,16,1,70,,11756,2,0,16,1,30,,11757,2,0,16,1,70,,11758,2,0,16,1,30,,11759,2,0,16,1,70,,11760,2,0,16,1,30,,11761,2,0,16,1,70,,11762,2,0,16,1,30,,11763,2,0,16,1,70,,11764,2,0,16,1,30,,11765,2,0,16,1,70,,11766,2,0,16,1,30,,11767,2,0,16,1,70,,11768,2,0,16,1,30,,11769,2,0,16,1,70,,11770,2,0,16,1,30,,11771,2,0,16,1,70,,11772,2,0,16,1,30,,11773,2,0,16,1
900,'1',545,,11918,2,0,34,1,70,,11917,2,0,34,1,30,,11916,2,0,34,1,70,,11915,2,0,34,1,30,,11914,2,0,34,1,70,,11913,2,0,34,1,30,,11912,2,0,34,1,70,,11911,2,0,34,1,30,,11910,2,0,34,1,70,,11909,2,0,34,1,30,,11908,2,0,34,1,70,,11907,2,0,34,1,30,,11906,2,0,34,1,70,,11905,2,0,34,1,30,,11904,2,0,34,1,70,,11903,2,0,34,1,30,,11902,2,0,34,1,70,,11901,2,0,34,1,30,,11900,2,0,34,1,70,,11899,2,0,34,1,30,,11898,2,0,34,1,70,,11897,2,0,34,1,30,,11896,2,0,34,1,70,,11895,2,0,34,1,30,,11894,2,0,34,1,70,,11893,2,0,34,1,30,,11892,2,0,34,1,70,,11891,2,0,34,1,30,,11890,2,0,34,1,70,,11889,2,0,34,1,30,,11888,2,0,34,1,70,,11887,2,0,34,1,30,,11886,2,0,34,1,70,,11885,2,0,34,1,30,,11884,2,0,34,1,70,,11883,2,0,34,1,30,,11882,2,0,34,1,70,,11881,2,0,34,1
900,'2',545,,11919,2,0,34,1,70,,11920,2,0,34,1,30,,11921,2,0,34,1,70,,11922,2,0,34,1,30,,11923,2,0,34,1,70,,11924,2,0,34,1,30,,11925,2,0,34,1,70,,11926,2,0,34,1,30,,11927,2,0,34,1,70,,11928,2,0,34,1,30,,11929,2,0,34,1,70,,11930,2,0,34,1,30,,11931,2,0,34,1,70,,11932,2,0,34,1,30,,11933,2,0,34,1,70,,11934,2,0,34,1,30,,11935,2,0,34,1,70,,11936,2,0,34,1,30,,11937,2,0,34,1,70,,11938,2,0,34,1,30,,11939,2,0,34,1,70,,11940,2,0,34,1,30,,11941,2,0,34,1,70,,11942,2,0,34,1,30,,11943,2,0,34,1,70,,11944,2,0,34,1,30,,11945,2,0,34,1,70,,11946,2,0,34,1,30,,11947,2,0,34,1,70,,11948,2,0,34,1,30,,11949,2,0,34,1,70,,11950,2,0,34,1,30,,11951,2,0,34,1,70,,11952,2,0,34,1,30,,11953,2,0,34,1,70,,11954,2,0,34,1,30,,11955,2,0,34,1,70,,11956,2,0,34,1
900,'3',915,,11957,2,0,34,1,30,,11958,2,0,34,1,70,,11959,2,0,34,1,30,,11960,2,0,34,1,70,,11961,2,0,34,1,30,,11962,2,0,34,1,70,,11963,2,0,34,1,30,,11964,2,0,34,1,70,,11965,2,0,34,1,30,,11966,2,0,34,1,70,,11967,2,0,34,1,30,,11968,2,0,34,1,70,,11969,2,0,34,1,30,,11970,2,0,34,1,70,,11971,2,0,34,1,30,,11972,2,0,34,1,70,,11973,2,0,34,1,30,,11974,2,0,34,1,70,,11975,2,0,34,1,30,,11976,2,0,34,1
1000400,'14802',2508,,15234,1,0,33 9 15,1,12,,15235,2,0,33 9 15,1,20,,15236,2,0,33 9 15,1,60,,15237,2,0,33 9 15,1,20,,15238,2,0,33 9 15,1
1000400,'7901',2520,,15239,2,0,33 9 15,1,80,,15240,2,0,33 9 15,1
1000400,'8001',2508,,15241,1,0,33 9 15,1,32,,15242,2,0,33 9 15,1,80,,15243,2,0,33 9 15,1
1000700,'14802',2520,,15314,2,0,17 18,1,20,,15315,2,0,17 18,1,60,,15316,2,0,17 18,1,20,,15317,2,0,17 18,1
1000700,'7901',2520,,15318,2,0,17 18,1,80,,15319,2,0,17 18,1
1000700,'8001',2540,,15321,2,0,17 18,1,80,,15322,2,0,17 18,1
