1500,'1',601,,13126,2,0,23,1,30,,13127,2,0,23,1,70,,13128,2,0,23,1,30,,13129,2,0,23,1,70,,13130,2,0,23,1,30,,13131,2,0,23,1,70,,13132,2,0,23,1,30,,13133,2,0,23,1,70,,13134,2,0,23,1,30,,13135,2,0,23,1,70,,13136,2,0,23,1,30,,13137,2,0,23,1,70,,13138,2,0,23,1,30,,13139,2,0,23,1,70,,13140,2,0,23,1,30,,13141,2,0,23,1,70,,13142,2,0,23,1,30,,13143,2,0,23,1,70,,13144,2,0,23,1,30,,13145,2,0,23,1,70,,13146,2,0,23,1,30,,13147,2,0,23,1,70,,13148,2,0,23,1,30,,13149,2,0,23,1,70,,13150,2,0,23,1,30,,13151,2,0,23,1,70,,13152,2,0,23,1,30,,13153,2,0,23,1,70,,13154,2,0,23,1,30,,13155,2,0,23,1,70,,13156,2,0,23,1,30,,13157,2,0,23,1,70,,13158,2,0,23,1,30,,13159,2,0,23,1,70,,13160,2,0,23,1,30,,13161,2,0,23,1,70,,13162,2,0,23,1,30,,13163,2,0,23,1
1500,'2',601,,13164,2,0,23,1,30,,13165,2,0,23,1,70,,13166,2,0,23,1,30,,13167,2,0,23,1,70,,13168,2,0,23,1,30,,13169,2,0,23,1,70,,13170,2,0,23,1,30,,13171,2,0,23,1,70,,13172,2,0,23,1,30,,13173,2,0,23,1,70,,13174,2,0,23,1,30,,13175,2,0,23,1,70,,13176,2,0,23,1,30,,13177,2,0,23,1,70,,13178,2,0,23,1,30,,13179,2,0,23,1,70,,13180,2,0,23,1,30,,13181,2,0,23,1,70,,13182,2,0,23,1,30,,13183,2,0,23,1,70,,13184,2,0,23,1,30,,13185,2,0,23,1,70,,13186,2,0,23,1,30,,13187,2,0,23,1,70,,13188,2,0,23,1,30,,13189,2,0,23,1,70,,13190,2,0,23,1,30,,13191,2,0,23,1,70,,13192,2,0,23,1,30,,13193,2,0,23,1,70,,13194,2,0,23,1,30,,13195,2,0,23,1,70,,13196,2,0,23,1,30,,13197,2,0,23,1,70,,13198,2,0,23,1,30,,13199,2,0,23,1,70,,13200,2,0,23,1,30,,13201,2,0,23,1
1500,'3',931,,13202,2,0,23,1,70,,13203,2,0,23,1,30,,13204,2,0,23,1,70,,13205,2,0,23,1,30,,13206,2,0,23,1,70,,13207,2,0,23,1,30,,13208,2,0,23,1,70,,13209,2,0,23,1,30,,13210,2,0,23,1,70,,13211,2,0,23,1,30,,13212,2,0,23,1,70,,13213,2,0,23,1,30,,13214,2,0,23,1,70,,13215,2,0,23,1,30,,13216,2,0,23,1,70,,13217,2,0,23,1,30,,13218,2,0,23,1,70,,13219,2,0,23,1,30,,13220,2,0,23,1,70,,13221,2,0,23,1
1700,'1',552,,13515,2,0,25 26,1,70,,13516,2,0,25 26,1,30,,13517,2,0,25 26,1,65,,13513,2,0,25 26,1,5,,13518,2,0,25 26,1,30,,13519,2,0,25 26,1,70,,13520,2,0,25 26,1,30,,13521,2,0,25 26,1,70,,13522,2,0,25 26,1,30,,13523,2,0,25 26,1,70,,13524,2,0,25 26,1,30,,13525,2,0,25 26,1,70,,13526,2,0,25 26,1,30,,13527,2,0,25 26,1,70,,13528,2,0,25 26,1,30,,13529,2,0,25 26,1,70,,13530,2,0,25 26,1,31,,13531,2,0,25 26,1,70,,13532,2,0,25 26,1,30,,13533,2,0,25 26,1,70,,13534,2,0,25 26,1,29,,13535,2,0,25 26,1,70,,13536,2,0,25 26,1,30,,13537,2,0,25 26,1,70,,13538,2,0,25 26,1,30,,13539,2,0,25 26,1,70,,13540,2,0,25 26,1,30,,13541,2,0,25 26,1,70,,13542,2,0,25 26,1,30,,13543,2,0,25 26,1,70,,13544,2,0,25 26,1,30,,13545,2,0,25 26,1,70,,13546,2,0,25 26,1,30,,13547,2,0,25 26,1,70,,13548,2,0,25 26,1,30,,13549,2,0,25 26,1,70,,13550,2,0,25 26,1,30,,13551,2,0,25 26,1,69,,13552,2,0,25 26,1
1700,'2',552,,13590,2,0,25 26,1,70,,13589,2,0,25 26,1,30,,13588,2,0,25 26,1,70,,13587,2,0,25 26,1,30,,13586,2,0,25 26,1,70,,13585,2,0,25 26,1,30,,13584,2,0,25 26,1,70,,13583,2,0,25 26,1,30,,13582,2,0,25 26,1,70,,13581,2,0,25 26,1,30,,13580,2,0,25 26,1,70,,13579,2,0,25 26,1,30,,13578,2,0,25 26,1,70,,13577,2,0,25 26,1,30,,13576,2,0,25 26,1,70,,13575,2,0,25 26,1,31,,13574,2,0,25 26,1,70,,13573,2,0,25 26,1,30,,13572,2,0,25 26,1,70,,13571,2,0,25 26,1,30,,13570,2,0,25 26,1,70,,13569,2,0,25 26,1,30,,13568,2,0,25 26,1,70,,13567,2,0,25 26,1,30,,13566,2,0,25 26,1,70,,13565,2,0,25 26,1,30,,13564,2,0,25 26,1,70,,13563,2,0,25 26,1,30,,13562,2,0,25 26,1,70,,13561,2,0,25 26,1,30,,13560,2,0,25 26,1,70,,13559,2,0,25 26,1,30,,13558,2,0,25 26,1,70,,13557,2,0,25 26,1,29,,13556,2,0,25 26,1,70,,13555,2,0,25 26,1,30,,13554,2,0,25 26,1,69,,13553,2,0,25 26,1
1700,'3',952,,13593,2,0,25 26,1,70,,13594,2,0,25 26,1,30,,13595,2,0,25 26,1,70,,13596,2,0,25 26,1,30,,13597,2,0,25 26,1,70,,13598,2,0,25 26,1,30,,13599,2,0,25 26,1,70,,13600,2,0,25 26,1,30,,13601,2,0,25 26,1,70,,13602,2,0,25 26,1,30,,13603,2,0,25 26,1,70,,13604,2,0,25 26,1,30,,13605,2,0,25 26,1,70,,13606,2,0,25 26,1,30,,13607,2,0,25 26,1,70,,13608,2,0,25 26,1,30,,13609,2,0,25 26,1,70,,13610,2,0,25 26,1,30,,13611,2,0,25 26,1
1000400,'14802',2510,,15234,9,0,33 9 15,1,20,,15235,10,0,33 9 15,1,20,,15236,10,0,33 9 15,1,60,,15237,10,0,33 9 15,1,20,,15238,10,0,33 9 15,1
1000400,'7901',2530,,15239,10,0,33 9 15,1,80,,15240,10,0,33 9 15,1
1000400,'8001',2510,,15241,9,0,33 9 15,1,40,,15242,10,0,33 9 15,1,80,,15243,10,0,33 9 15,1
1000700,'14802',2511,,15313,3,0,17 18,1,20,,15314,9,0,17 18,1,20,,15315,9,0,17 18,1,60,,15316,9,0,17 18,1,20,,15317,9,0,17 18,1
1000700,'7901',2531,,15318,9,0,17 18,1,80,,15319,9,0,17 18,1
1000700,'8001',2511,,15320,3,0,17 18,1,40,,15321,9,0,17 18,1,80,,15322,9,0,17 18,1
21005000,'12701',702,,15369,2,0,14 15,1,15,,15370,2,0,14 15,1,15,,15371,2,0,14 15,1,15,,15372,2,0,14 15,1,55,,15373,2,0,14 15,1,15,,15374,2,0,14 15,1,15,,15375,2,0,14 15,1,15,,15376,2,0,14 15,1,55,,15377,2,0,14 15,1,15,,15378,2,0,14 15,1,15,,15379,2,0,14 15,1,15,,15380,2,0,14 15,1,55,,15381,2,0,14 15,1,15,,15382,2,0,14 15,1,15,,15383,2,0,14 15,1,15,,15384,2,0,14 15,1,55,,15385,2,0,14 15,1,15,,15386,2,0,14 15,1,15,,15387,2,0,14 15,1,15,,15388,2,0,14 15,1,55,,15389,2,0,14 15,1,15,,15390,2,0,14 15,1,15,,15391,2,0,14 15,1,15,,15392,2,0,14 15,1,55,,15393,2,0,14 15,1,15,,15394,2,0,14 15,1,15,,15395,2,0,14 15,1,15,,15396,2,0,14 15,1,55,,15397,2,0,14 15,1,15,,15398,2,0,14 15,1,15,,15399,2,0,14 15,1,15,,15400,2,0,14 15,1,55,,15401,2,0,14 15,1,15,,15402,2,0,14 15,1,15,,15403,2,0,14 15,1,15,,15404,2,0,14 15,1,55,,15405,2,0,14 15,1,15,,15406,2,0,14 15,1,15,,15407,2,0,14 15,1,15,,15408,2,0,14 15,1,55,,15409,2,0,14 15,1,15,,15410,2,0,14 15,1,15,,15411,2,0,14 15,1,15,,15412,2,0,14 15,1,55,,15413,2,0,14 15,1,15,,15414,2,0,14 15,1,15,,15415,2,0,14 15,1,15,,15416,2,0,14 15,1,55,,15417,2,0,14 15,1,15,,15418,2,0,14 15,1,15,,15419,2,0,14 15,1,15,,15420,2,0,14 15,1,55,,15421,2,0,14 15,1,15,,15422,2,0,14 15,1,15,,15423,2,0,14 15,1,15,,15424,2,0,14 15,1
21005800,'12701',722,,15624,2,0,14 24,1,20,,15625,2,0,14 24,1,60,,15626,2,0,14 24,1,20,,15627,2,0,14 24,1,20,,15628,2,0,14 24,1,60,,15629,2,0,14 24,1,20,,15630,2,0,14 24,1,20,,15631,2,0,14 24,1,60,,15632,2,0,14 24,1,20,,15633,2,0,14 24,1,20,,15634,2,0,14 24,1,60,,15635,2,0,14 24,1,20,,15636,2,0,14 24,1,20,,15637,2,0,14 24,1,60,,15638,2,0,14 24,1,20,,15639,2,0,14 24,1,20,,15640,2,0,14 24,1,60,,15641,2,0,14 24,1,20,,15642,2,0,14 24,1,20,,15643,2,0,14 24,1,60,,15644,2,0,14 24,1,20,,15645,2,0,14 24,1,20,,15646,2,0,14 24,1,60,,15647,2,0,14 24,1,20,,15648,2,0,14 24,1,20,,15649,2,0,14 24,1,60,,15650,2,0,14 24,1,20,,15651,2,0,14 24,1,20,,15652,2,0,14 24,1,60,,15653,2,0,14 24,1,20,,15654,2,0,14 24,1,20,,15655,2,0,14 24,1,60,,15656,2,0,14 24,1,20,,15657,2,0,14 24,1,20,,15658,2,0,14 24,1,60,,15659,2,0,14 24,1,20,,15660,2,0,14 24,1,20,,15661,2,0,14 24,1,60,,15662,2,0,14 24,1,20,,15663,2,0,14 24,1,20,,15664,2,0,14 24,1,60,,15665,2,0,14 24,1
