101,'1',547,,10285,7,0,24 23,1,70,,10286,6,0,24 23,1,30,,10287,6,0,24 23,1,70,,10288,6,0,24 23,1,30,,10289,6,0,24 23,1,70,,10290,6,0,24 23,1,30,,10291,6,0,24 23,1,70,,10292,6,0,24 23,1,30,,10293,6,0,24 23,1,70,,10294,6,0,24 23,1,30,,10295,6,0,24 23,1,70,,10296,6,0,24 23,1,30,,10297,6,0,24 23,1,70,,10298,6,0,24 23,1,30,,10299,6,0,24 23,1,70,,10300,6,0,24 23,1,30,,10301,6,0,24 23,1,70,,10302,6,0,24 23,1,30,,10303,6,0,24 23,1,70,,10304,6,0,24 23,1,30,,10305,6,0,24 23,1,70,,10306,6,0,24 23,1,30,,10307,6,0,24 23,1,70,,10308,6,0,24 23,1,30,,10309,6,0,24 23,1,70,,10310,6,0,24 23,1,30,,10311,6,0,24 23,1,70,,10312,6,0,24 23,1,30,,10313,6,0,24 23,1,70,,10314,6,0,24 23,1,30,,10315,6,0,24 23,1,70,,10316,6,0,24 23,1,30,,10317,6,0,24 23,1,70,,10318,6,0,24 23,1,30,,10319,6,0,24 23,1,70,,10320,6,0,24 23,1,30,,10321,6,0,24 23,1,70,,10322,6,0,24 23,1
101,'2',547,,10323,7,0,24 23,1,70,,10324,6,0,24 23,1,30,,10325,6,0,24 23,1,70,,10326,6,0,24 23,1,30,,10327,6,0,24 23,1,70,,10328,6,0,24 23,1,30,,10329,6,0,24 23,1,70,,10330,6,0,24 23,1,30,,10331,6,0,24 23,1,70,,10332,6,0,24 23,1,30,,10333,6,0,24 23,1,70,,10334,6,0,24 23,1,30,,10335,6,0,24 23,1,70,,10336,6,0,24 23,1,30,,10337,6,0,24 23,1,70,,10338,6,0,24 23,1,30,,10339,6,0,24 23,1,70,,10340,6,0,24 23,1,30,,10341,6,0,24 23,1,70,,10342,6,0,24 23,1,30,,10343,6,0,24 23,1,70,,10344,6,0,24 23,1,30,,10345,6,0,24 23,1,70,,10346,6,0,24 23,1,30,,10347,6,0,24 23,1,70,,10348,6,0,24 23,1,30,,10349,6,0,24 23,1,70,,10350,6,0,24 23,1,30,,10351,6,0,24 23,1,70,,10352,6,0,24 23,1,30,,10353,6,0,24 23,1,70,,10354,6,0,24 23,1,30,,10355,6,0,24 23,1,70,,10356,6,0,24 23,1,30,,10357,6,0,24 23,1,70,,10358,6,0,24 23,1,30,,10359,6,0,24 23,1,70,,10360,6,0,24 23,1
101,'3',917,,10361,7,0,24 23,1,30,,10362,6,0,24 23,1,70,,10363,6,0,24 23,1,30,,10364,6,0,24 23,1,70,,10365,6,0,24 23,1,30,,10366,6,0,24 23,1,70,,10367,6,0,24 23,1,30,,10368,6,0,24 23,1,70,,10369,6,0,24 23,1,30,,10370,6,0,24 23,1,70,,10371,6,0,24 23,1,30,,10372,6,0,24 23,1,70,,10373,6,0,24 23,1,30,,10374,6,0,24 23,1,70,,10375,6,0,24 23,1,30,,10376,6,0,24 23,1,70,,10377,6,0,24 23,1,30,,10378,6,0,24 23,1,70,,10379,6,0,24 23,1,30,,10380,6,0,24 23,1
1501,'1',542,,13222,6,0,23,1,70,,13223,6,0,23,1,30,,13224,6,0,23,1,70,,13225,6,0,23,1,30,,13226,6,0,23,1,70,,13227,6,0,23,1,30,,13228,6,0,23,1,70,,13229,6,0,23,1,30,,13230,6,0,23,1,70,,13231,6,0,23,1,30,,13232,6,0,23,1,70,,13233,6,0,23,1,30,,13234,6,0,23,1,70,,13235,6,0,23,1,30,,13236,6,0,23,1,70,,13237,6,0,23,1,30,,13238,6,0,23,1,70,,13239,6,0,23,1,30,,13240,6,0,23,1,70,,13241,6,0,23,1,30,,13242,6,0,23,1,70,,13243,6,0,23,1,30,,13244,6,0,23,1,70,,13245,6,0,23,1,30,,13246,6,0,23,1,70,,13247,6,0,23,1,30,,13248,6,0,23,1,70,,13249,6,0,23,1,30,,13250,6,0,23,1,70,,13251,6,0,23,1,30,,13252,6,0,23,1,70,,13253,6,0,23,1,30,,13254,6,0,23,1,70,,13255,6,0,23,1,30,,13256,6,0,23,1,70,,13257,6,0,23,1,30,,13258,6,0,23,1,70,,13259,6,0,23,1,30,,13260,6,0,23,1
1501,'2',542,,13261,6,0,23,1,70,,13262,6,0,23,1,30,,13263,6,0,23,1,70,,13264,6,0,23,1,30,,13265,6,0,23,1,70,,13266,6,0,23,1,30,,13267,6,0,23,1,70,,13268,6,0,23,1,30,,13269,6,0,23,1,70,,13270,6,0,23,1,30,,13271,6,0,23,1,70,,13272,6,0,23,1,30,,13273,6,0,23,1,70,,13274,6,0,23,1,30,,13275,6,0,23,1,70,,13276,6,0,23,1,30,,13277,6,0,23,1,70,,13278,6,0,23,1,30,,13279,6,0,23,1,70,,13280,6,0,23,1,30,,13281,6,0,23,1,70,,13282,6,0,23,1,30,,13283,6,0,23,1,70,,13284,6,0,23,1,30,,13285,6,0,23,1,70,,13286,6,0,23,1,30,,13287,6,0,23,1,70,,13288,6,0,23,1,30,,13289,6,0,23,1,70,,13290,6,0,23,1,30,,13291,6,0,23,1,70,,13292,6,0,23,1,30,,13293,6,0,23,1,70,,13294,6,0,23,1,30,,13295,6,0,23,1,70,,13296,6,0,23,1,30,,13297,6,0,23,1,70,,13298,6,0,23,1,30,,13299,6,0,23,1
1501,'3',912,,13300,6,0,23,1,30,,13301,6,0,23,1,70,,13302,6,0,23,1,30,,13303,6,0,23,1,70,,13304,6,0,23,1,30,,13305,6,0,23,1,70,,13306,6,0,23,1,30,,13307,6,0,23,1,70,,13308,6,0,23,1,30,,13309,6,0,23,1,70,,13310,6,0,23,1,30,,13311,6,0,23,1,70,,13312,6,0,23,1,30,,13313,6,0,23,1,70,,13314,6,0,23,1,30,,13315,6,0,23,1,70,,13316,6,0,23,1,30,,13317,6,0,23,1,70,,13318,6,0,23,1,30,,13319,6,0,23,1,70,,13320,6,0,23,1
1801,'1',628,,13811,28,0,26 25,1,27,,13812,28,0,26 25,1,3,,13813,28,0,26 25,1,70,,13814,28,0,26 25,1,31,,13815,28,0,26 25,1,70,,13816,28,0,26 25,1,30,,13817,28,0,26 25,1,70,,13818,28,0,26 25,1,30,,13819,28,0,26 25,1,70,,13820,28,0,26 25,1,72,,13821,28,0,26 25,1,30,,13822,28,0,26 25,1,70,,13823,28,0,26 25,1,30,,13824,28,0,26 25,1,70,,13825,28,0,26 25,1,30,,13826,28,0,26 25,1,70,,13827,28,0,26 25,1,30,,13828,28,0,26 25,1,70,,13829,28,0,26 25,1,30,,13830,28,0,26 25,1,70,,13831,28,0,26 25,1,30,,13832,28,0,26 25,1,70,,13833,28,0,26 25,1,30,,13834,28,0,26 25,1,70,,13835,28,0,26 25,1,30,,13836,28,0,26 25,1,26,,13837,28,0,26 25,1,70,,13838,28,0,26 25,1,30,,13839,28,0,26 25,1,70,,13840,28,0,26 25,1,30,,13841,28,0,26 25,1,70,,13842,28,0,26 25,1,30,,13843,28,0,26 25,1,70,,13844,28,0,26 25,1,30,,13845,28,0,26 25,1,70,,13846,28,0,26 25,1,30,,13847,28,0,26 25,1,67,,13848,28,0,26 25,1
1801,'2',626,,13851,28,0,26 25,1,30,,13852,28,0,26 25,1,70,,13853,28,0,26 25,1,29,,13854,28,0,26 25,1,70,,13855,28,0,26 25,1,30,,13856,28,0,26 25,1,70,,13857,28,0,26 25,1,30,,13858,28,0,26 25,1,70,,13859,28,0,26 25,1,33,,13860,28,0,26 25,1,70,,13861,28,0,26 25,1,30,,13862,28,0,26 25,1,70,,13863,28,0,26 25,1,30,,13864,28,0,26 25,1,70,,13865,28,0,26 25,1,30,,13866,28,0,26 25,1,70,,13867,28,0,26 25,1,29,,13868,28,0,26 25,1,70,,13869,28,0,26 25,1,30,,13870,28,0,26 25,1,70,,13871,28,0,26 25,1,30,,13872,28,0,26 25,1,70,,13873,28,0,26 25,1,30,,13874,28,0,26 25,1,70,,13875,28,0,26 25,1,27,,13876,28,0,26 25,1,70,,13877,28,0,26 25,1,30,,13878,28,0,26 25,1,70,,13879,28,0,26 25,1,30,,13880,28,0,26 25,1,70,,13881,28,0,26 25,1,30,,13882,28,0,26 25,1,70,,13883,28,0,26 25,1,30,,13884,28,0,26 25,1,70,,13885,28,0,26 25,1,30,,13886,28,0,26 25,1,69,,13887,28,0,26 25,1
1801,'3',955,,13890,28,0,26 25,1,70,,13891,28,0,26 25,1,30,,13892,28,0,26 25,1,70,,13893,28,0,26 25,1,30,,13894,28,0,26 25,1,70,,13895,28,0,26 25,1,32,,13896,28,0,26 25,1,70,,13897,28,0,26 25,1,30,,13898,28,0,26 25,1,70,,13899,28,0,26 25,1,30,,13900,28,0,26 25,1,70,,13901,28,0,26 25,1,30,,13902,28,0,26 25,1,70,,13903,28,0,26 25,1,30,,13904,28,0,26 25,1,70,,13905,28,0,26 25,1,30,,13906,28,0,26 25,1,70,,13907,28,0,26 25,1,30,,13908,28,0,26 25,1
21005001,'12701',713,,15425,3,0,14 15,1,15,,15426,3,0,14 15,1,15,,15427,3,0,14 15,1,15,,15428,3,0,14 15,1,55,,15429,3,0,14 15,1,15,,15430,3,0,14 15,1,15,,15431,3,0,14 15,1,15,,15432,3,0,14 15,1,55,,15433,3,0,14 15,1,15,,15434,3,0,14 15,1,15,,15435,3,0,14 15,1,15,,15436,3,0,14 15,1,55,,15437,3,0,14 15,1,15,,15438,3,0,14 15,1,15,,15439,3,0,14 15,1,15,,15440,3,0,14 15,1,55,,15441,3,0,14 15,1,15,,15442,3,0,14 15,1,15,,15443,3,0,14 15,1,15,,15444,3,0,14 15,1,55,,15445,3,0,14 15,1,15,,15446,3,0,14 15,1,15,,15447,3,0,14 15,1,15,,15448,3,0,14 15,1,55,,15449,3,0,14 15,1,15,,15450,3,0,14 15,1,15,,15451,3,0,14 15,1,15,,15452,3,0,14 15,1,55,,15453,3,0,14 15,1,15,,15454,3,0,14 15,1,15,,15455,3,0,14 15,1,15,,15456,3,0,14 15,1,55,,15457,3,0,14 15,1,15,,15458,3,0,14 15,1,15,,15459,3,0,14 15,1,15,,15460,3,0,14 15,1,55,,15461,3,0,14 15,1,15,,15462,3,0,14 15,1,15,,15463,3,0,14 15,1,15,,15464,3,0,14 15,1,55,,15465,3,0,14 15,1,15,,15466,3,0,14 15,1,15,,15467,3,0,14 15,1,15,,15468,3,0,14 15,1,55,,15469,3,0,14 15,1,15,,15470,3,0,14 15,1,15,,15471,3,0,14 15,1,15,,15472,3,0,14 15,1,55,,15473,3,0,14 15,1,15,,15474,3,0,14 15,1,15,,15475,3,0,14 15,1,15,,15476,3,0,14 15,1,55,,15477,3,0,14 15,1,15,,15478,3,0,14 15,1,15,,15479,3,0,14 15,1,15,,15480,3,0,14 15,1
